36759
28973
11489
10456
5676
4111
20180
13684
8989
15569
38164
13681
7721
11938
7551
5675
21313
6179
10103
8443
24419
12983
2692
9197
13437
21810
10277
12049
11077
9192
11072
15004
4254
6001
16277
6638
17396
7481
8712
8193
10064
6218
9004
10882
11578
9317
13569
5077
18890
13505
6444
16484
21088
12313
2895
9225
6028
10068
3687
4089
5381
22204
5181
17991
32122
4361
9451
18452
35021
5371
7777
38548
26292
17138
6503
15565
2787
18206
2618
2903
14944
5967
9215
5174
2415
8503
4461
4738
13016
3359
10116
1508
5542
2210
3486
13268
2049
1906
8877
2728
2755
6758
1318
8424
6055
3346
6579
2415
1695
6833
3925
3336
2622
2239
3646
2288
1262
1515
1795
846
2414
18433
2276
553
2158
3675
7249
6056
1713
16040
1637
8489
2128
3282
902
1106
1507
853
2767
5788
8910
1663
4840
5366
4527
1940
3890
1042
1705
4257
2759
1510
3407
4494
3879
6287
2193
3629
2139
2930
2691
2032
1716
1811
1439
826
2404
2444
5411
2210
3237
3084
3082
5229
903
1370
3224
3177
595
1213
961
5275
3386
2141
864
1833
940
4173
3970
1063
404
1795
1309
455
1102
1778
1374
4217
3137
540
2296
934
2884
743
1365
1818
1533
2106
1152
2039
1064
2203
952
4776
1299
4700
4279
3273
1700
1677
534
2319
424
553
2538
4912
951
734
401
999
1602
2094
1846
1433
672
1023
333
774
2248
1865
1300
2603
464
3785
2274
778
2788
400
418
2230
1333
881
1158
850
1578
1281
890
923
1175
347
1513
462
617
836
1401
1966
552
367
1165
599
1343
2770
1001
1365
641
1303
1095
734
432
1082
2177
417
157
1068
417
720
1232
1437
129
517
55
614
248
230
380
806
23
314
480
349
1087
298
622
573
332
388
341
69
927
329
533
88
192
111
