NATIVE :First guess zHAT coefficients; Weighted Row Average and Dispersion
Codon_Index: ; ; 1; 2; 3; 4; 5; 6; 7; 8; 9; 10; 11; 12; 13; 14; 15; 16; 17; 18; 19; 20; 21; 22; 23; 24; 25; 26; 27; 28; 29; 30; 31; 32; 33; 34; 35; 36; 37; 38; 39; 40; 41; 42; 43; 44; 45; 46; 47; 48; 49; 50; 51; 52; 53; 54; 55; 56; 57; 58; 59; 60; 61; 62; 63; 64; 
Number: ; ; 1705.79; 1721.47; 1528.12; 1483.37; 1185.24; 1315.15; 1233.01; 1131.46; 963.413; 1130.47; 998.296; 747.629; 717.29; 826.231; 706.176; 601.928; 631.584; 543.564; 709.069; 641.316; 591.899; 555.835; 589.869; 368.943; 454.967; 383.097; 387.511; 436.085; 346.963; 238.183; 359.418; 314.946; 247.212; 170.456; 251.197; 166.212; 187.007; 220.05; 99.0471; 80.2883; 117.323; 110.315; 122.266; 119.363; 98.6074; 0; 60.4553; 45.8952; 62.1171; 53.7525; 68.9769; 36.527; 39.1645; 30.5271; 24.6671; 9.01335; 8.6386; 5.32826; 12.7345; 7.61701; 6.77408; 0; 0.469003; 0; 
AA_name:  ; ;CUG_Leu_L_tL1_CAG ;AAA_Lys_K_tK1_SUU ;GAA_Glu_E_tE2_SUC ;GGU_Gly_G_tG3_GCC ;AUC_Ile_I_tI1_GAU ;GCU_Ala_A_tA2_GGC ;GUU_Val_V_tV2_GAC ;CGU_Arg_R_tR2_ICG ;GGC_Gly_G_tG3_GCC ;AAC_Asn_N_tN1_GUU ;GAC_Asp_D_tD1_QUC ;CAG_Gln_Q_tQ2_CUG ;ACC_Thr_T_tT3_GGU ;GCA_Ala_A_tA1_VGC ;AUG_Met_M_tM1_CAU ;CCG_Pro_P_tP1_CGG ;GAU_Asp_D_tD1_QUC ;GCG_Ala_A_tA1_VGC ;UUC_Phe_F_tF1_GAA ;ACU_Thr_T_tT3_GGU ;GUA_Val_V_tV1_VAC ;UCU_Ser_S_tS5_GGA ;UAC_Tyr_Y_tY1_QUA ;AUU_Ile_I_tI1_GAU ;CGC_Arg_R_tR2_ICG ;GUG_Val_V_tV1_VAC ;GAG_Glu_E_tE2_SUC ;AAG_Lys_K_tK1_SUU ;CAC_His_H_tH1_QUG ;GCC_Ala_A_tA2_GGC ;UCC_Ser_S_tS5_GGA ;AGC_Ser_S_tS3_GCU ;UUU_Phe_F_tF1_GAA ;GUC_Val_V_tV2_GAC ;UAU_Tyr_Y_tY1_QUA ;AAU_Asn_N_tN1_GUU ;UGG_Trp_W_tW1_CCA ;CAA_Gln_Q_tQ1_SUG ;ACG_Thr_T_tT2_CGU ;CUC_Leu_L_tL2_GAG ;CAU_His_H_tH1_QUG ;CCA_Pro_P_tP3_VGG ;CCU_Pro_P_tP2_GGG ;CUU_Leu_L_tL2_GAG ;UGC_Cys_C_tC1_GCA ;UAA_Ohr_O_rF1 ;UUG_Leu_L_tL5_CAA ;GGG_Gly_G_tG1_CCC ;ACA_Thr_T_tT4_UGU ;AGU_Ser_S_tS3_GCU ;UUA_Leu_L_tL4_UAA ;UCA_Ser_S_tS1_VGA ;UGU_Cys_C_tC1_GCA ;UCG_Ser_S_tS2_CGA ;GGA_Gly_G_tG2_UCC ;CCC_Pro_P_tP2_GGG ;CUA_Leu_L_tL3_UAG ;AUA_Ile_I_tI2_LAU ;AGA_Arg_R_tR4_MCU ;CGG_Arg_R_tR3_CCG ;CGA_Arg_R_tR2_ICG ;UGA_Opa_O_rf2 ;AGG_Arg_R_tR5_CCU ;UAG_Amb_A_rF1 ;
Cod_name: ; Aver ; Sigma CUG_L ;AAA_L ;GAA_G ;GGU_G ;AUC_I ;GCU_A ;GUU_V ;CGU_A ;GGC_G ;AAC_A ;GAC_A ;CAG_G ;ACC_T ;GCA_A ;AUG_M ;CCG_P ;GAU_A ;GCG_A ;UUC_P ;ACU_T ;GUA_V ;UCU_S ;UAC_T ;AUU_I ;CGC_A ;GUG_V ;GAG_G ;AAG_L ;CAC_H ;GCC_A ;UCC_S ;AGC_S ;UUU_P ;GUC_V ;UAU_T ;AAU_A ;UGG_T ;CAA_G ;ACG_T ;CUC_L ;CAU_H ;CCA_P ;CCU_P ;CUU_L ;UGC_C ;UAA_O ;UUG_L ;GGG_G ;ACA_T ;AGU_S ;UUA_L ;UCA_S ;UGU_C ;UCG_S ;GGA_G ;CCC_P ;CUA_L ;AUA_I ;AGA_A ;CGG_A ;CGA_A ;UGA_O ;AGG_A ;UAG_A ;
1 ;0.998669 ;0.132104 ;1.01343 ;1.04244 ;1.14199 ;0.992022 ;1.17117 ;1.14623 ;1.00809 ;1.10083 ;0.695544 ;1.00726 ;0.8767 ;0.971218 ;0.951891 ;0.718905 ;0.943364 ;1.07613 ;0.979643 ;0.959256 ;1.00224 ;1.00377 ;0.809571 ;1.03811 ;0.880149 ;1.18009 ;0.772107 ;1.27044 ;0.917558 ;1.05047 ;0.963703 ;1.09567 ;0.928273 ;0.987414 ;0.95281 ;0.920629 ;1.11289 ;0.829806 ;0.750376 ;1.0754 ;0.899702 ;1.12812 ;0.952219 ;1.2162 ;0.965812 ;0.849785 ;1.00113 ;0 ;0.766807 ;1.06581 ;0.792515 ;1.16253 ;1.38199 ;1.29914 ;1.88879 ;1.41596 ;0.653955 ;0.845617 ;0.55597 ;0.92098 ;0.578023 ;0.699073 ;1.09432 ;0 ;0.222619 ;0 ;
2 ;0.997751 ;0.314459 ;0.83791 ;1.29008 ;1.10905 ;0.730217 ;1.35378 ;1.0066 ;1.20367 ;1.03613 ;0.431082 ;1.23124 ;0.819594 ;0.668732 ;0.971226 ;0.784677 ;0.99994 ;0.707408 ;0.988014 ;0.690317 ;1.12583 ;0.909289 ;1.31266 ;1.36641 ;0.947391 ;1.10639 ;0.657421 ;0.942702 ;0.727703 ;0.956729 ;0.993258 ;0.867512 ;0.980444 ;0.704617 ;1.31244 ;1.19274 ;1.40517 ;0.810743 ;0.536625 ;1.33084 ;0.614995 ;1.18415 ;1.77308 ;0.836756 ;1.50591 ;1.04333 ;0.732428 ;0 ;0.98263 ;0.247076 ;0.779782 ;0.779783 ;4.73317 ;1.77056 ;1.11729 ;2.00589 ;0.720892 ;2.93036 ;0.872759 ;1.33369 ;0.911467 ;0.305869 ;0.913417 ;0 ;0.108591 ;0 ;
3 ;0.994109 ;0.358125 ;0.789724 ;1.42067 ;1.05641 ;0.421479 ;1.22344 ;0.921786 ;1.07217 ;0.751953 ;0.300015 ;1.18229 ;1.01349 ;0.865566 ;0.914997 ;1.28573 ;0.977204 ;0.628258 ;1.24222 ;0.547241 ;1.04187 ;1.01407 ;1.67062 ;1.50374 ;1.0978 ;1.52882 ;0.557315 ;0.750009 ;0.475608 ;0.895628 ;1.16133 ;0.566795 ;1.3056 ;0.824695 ;1.10901 ;1.11198 ;1.87906 ;1.44064 ;0.455323 ;1.44357 ;0.755647 ;1.22779 ;0.955997 ;0.983091 ;1.24084 ;1.7488 ;0.664341 ;0 ;1.46181 ;0.104812 ;0.724127 ;2.94626 ;2.41736 ;1.32339 ;1.00274 ;1.932 ;0.58099 ;0.481928 ;1.40297 ;3.02989 ;1.491 ;0.216874 ;0.63681 ;0 ;0.219498 ;0 ;
4 ;1.00284 ;0.336556 ;1.02441 ;1.04721 ;0.977526 ;0.426095 ;1.3773 ;0.664289 ;0.60681 ;0.611185 ;0.617033 ;1.33822 ;1.24797 ;1.06053 ;1.52014 ;0.940392 ;1.90798 ;0.844427 ;1.07424 ;1.02535 ;0.884214 ;1.40015 ;1.23971 ;1.10947 ;1.55013 ;1.10439 ;0.643071 ;0.804798 ;0.783611 ;1.57223 ;1.38523 ;0.678176 ;0.806613 ;1.36701 ;0.779897 ;0.829175 ;0.96932 ;1.37372 ;0.880984 ;0.864161 ;1.81373 ;1.42819 ;1.09961 ;0.529236 ;0.525129 ;1.31355 ;0.929854 ;0 ;1.54789 ;0.241434 ;1.14862 ;1.65741 ;0.585827 ;0.953667 ;0.614234 ;1.24646 ;0.60532 ;0.196723 ;0.860956 ;1.71256 ;1.01695 ;0.601174 ;0.798074 ;0 ;1.04431 ;0 ;
5 ;1.00074 ;0.29482 ;1.1344 ;1.17954 ;1.19874 ;1.24809 ;0.591709 ;0.837757 ;0.550007 ;1.17151 ;1.50448 ;1.00031 ;1.30968 ;0.984814 ;0.880262 ;1.27953 ;0.711241 ;1.25274 ;1.09391 ;1.00897 ;0.487379 ;0.777007 ;1.05271 ;0.51895 ;0.977392 ;0.429813 ;1.0875 ;0.930777 ;1.47795 ;1.1701 ;1.3513 ;0.902173 ;0.802556 ;0.724219 ;0.280997 ;0.688009 ;0.672556 ;0.730163 ;1.39123 ;1.18877 ;0.764142 ;0.852377 ;0.923063 ;0.81092 ;0.743934 ;0.729768 ;0.480846 ;0 ;0.650343 ;0.930335 ;0.707249 ;1.95083 ;0.548658 ;0.613633 ;0.753239 ;0.946075 ;2.63489 ;0.724279 ;0.550462 ;0.405005 ;0.565949 ;3.71934 ;3.55834 ;0 ;1.15026 ;0 ;
6 ;1.001 ;0.266817 ;1.06119 ;1.11855 ;1.13237 ;1.30259 ;0.696319 ;0.788674 ;0.672526 ;1.06114 ;1.69682 ;0.998142 ;1.27548 ;1.02355 ;0.947396 ;1.00643 ;0.846304 ;0.916071 ;1.3655 ;1.10207 ;0.555669 ;1.12818 ;0.994581 ;0.676757 ;0.787672 ;0.741674 ;0.90934 ;1.02898 ;1.60323 ;1.28208 ;0.835351 ;0.556828 ;0.734925 ;0.730705 ;0.567156 ;0.676734 ;0.698038 ;0.838886 ;1.10937 ;1.36553 ;0.853721 ;0.864929 ;0.777031 ;0.940225 ;0.596402 ;0.572853 ;0.631512 ;0 ;0.842471 ;1.41081 ;0.587622 ;0.453559 ;0.681495 ;0.602509 ;1.04885 ;0.52395 ;2.20761 ;0.629932 ;1.35528 ;0.412142 ;0.906468 ;1.25924 ;1.15024 ;0 ;0.500243 ;0 ;
7 ;0.99628 ;0.267285 ;1.08462 ;1.19935 ;0.9615 ;1.22218 ;0.719032 ;1.07647 ;0.65755 ;0.869838 ;1.43379 ;0.811283 ;1.05732 ;1.17023 ;0.780177 ;1.69997 ;0.934481 ;1.23157 ;0.902711 ;1.26478 ;0.640019 ;0.868159 ;1.40253 ;0.746852 ;0.612873 ;0.620861 ;0.841679 ;1.15949 ;1.22179 ;1.24744 ;0.759174 ;0.765811 ;0.623138 ;0.909709 ;0.426213 ;0.577617 ;0.650188 ;1.44824 ;1.23104 ;0.79397 ;0.925482 ;0.690465 ;0.672837 ;1.1295 ;1.00707 ;0.697345 ;1.13609 ;0 ;0.951863 ;1.64404 ;0.729946 ;0.650227 ;0.547793 ;1.03414 ;0.896162 ;1.04749 ;1.46075 ;0.306331 ;1.08227 ;2.09028 ;1.4344 ;0.722142 ;0.865372 ;0 ;0 ;0 ;
-8 ;0.998564 ;0.308454 ;0.885874 ;1.54914 ;1.21143 ;0.668898 ;0.900852 ;0.890484 ;0.663522 ;0.690466 ;1.00444 ;1.57024 ;1.35625 ;0.947392 ;0.856405 ;1.07269 ;1.14875 ;1.02107 ;1.35844 ;1.12364 ;0.552287 ;1.09706 ;1.29616 ;0.753237 ;0.819806 ;0.975947 ;0.754472 ;0.959194 ;1.37212 ;1.57321 ;0.713397 ;0.544181 ;0.47136 ;0.955473 ;0.341507 ;0.906065 ;0.659402 ;1.24564 ;0.703285 ;1.05943 ;1.05359 ;0.667608 ;1.02356 ;0.838944 ;0.691057 ;0.677072 ;0.651556 ;0 ;0.739404 ;1.0766 ;1.04856 ;0.617069 ;1.49756 ;2.23237 ;0.737446 ;0.613751 ;1.1143 ;0.223282 ;0.386022 ;2.44077 ;1.54691 ;1.27101 ;0.517233 ;0 ;0.38595 ;0 ;
9 ;0.995577 ;0.183081 ;1.11287 ;1.12093 ;0.978202 ;0.919229 ;0.953325 ;1.15009 ;0.708208 ;0.915488 ;1.03833 ;1.1281 ;1.13288 ;1.1566 ;0.949193 ;0.919408 ;1.30418 ;0.815524 ;1.10767 ;1.00269 ;0.723189 ;1.08223 ;1.12419 ;0.936169 ;0.87084 ;1.10603 ;0.916962 ;1.00901 ;1.29674 ;1.36211 ;0.827634 ;0.454476 ;0.640841 ;0.953977 ;0.397629 ;0.857466 ;0.895456 ;1.76689 ;0.810265 ;1.13469 ;0.706673 ;1.08971 ;1.0143 ;0.607288 ;1.25446 ;0.701431 ;0.806199 ;0 ;0.953903 ;0.465935 ;0.861326 ;0.501741 ;0.887517 ;0.919852 ;1.17834 ;0.658496 ;1.42433 ;0.70352 ;0.940808 ;1.56342 ;0.666631 ;0.805026 ;0.326538 ;0 ;1.12601 ;0 ;
10 ;1.0019 ;0.235191 ;1.30729 ;0.790745 ;1.11948 ;0.843234 ;0.913395 ;0.954837 ;0.595792 ;0.893537 ;1.06437 ;0.988608 ;1.36656 ;1.31508 ;0.970594 ;1.27876 ;1.32851 ;1.15671 ;0.901383 ;1.04946 ;0.642543 ;0.847215 ;1.27587 ;0.657383 ;1.20499 ;0.586255 ;1.11938 ;0.977767 ;1.33458 ;1.06013 ;1.1933 ;1.00078 ;0.675114 ;1.06428 ;0.383779 ;0.99739 ;0.8892 ;0.870123 ;1.02912 ;1.16799 ;0.967707 ;0.947353 ;0.72603 ;0.928585 ;0.860073 ;1.45696 ;1.153 ;0 ;0.923911 ;1.39272 ;0.932854 ;0.607777 ;0.382487 ;1.4598 ;0.501927 ;0.843072 ;2.44666 ;0.575271 ;1.24116 ;0.648898 ;0.291047 ;1.54404 ;1.26716 ;0 ;0.646897 ;0 ;
11 ;1.00511 ;0.410698 ;1.09827 ;0.360859 ;1.16046 ;1.66723 ;0.694286 ;1.38915 ;0.706114 ;1.29205 ;1.31164 ;0.742745 ;1.21636 ;1.02577 ;1.68778 ;1.60869 ;0.5497 ;1.33449 ;0.890755 ;1.22204 ;0.398336 ;0.830121 ;0.962776 ;0.662349 ;0.61356 ;0.248641 ;1.27309 ;0.940399 ;1.01944 ;0.563844 ;0.845351 ;1.41144 ;0.927722 ;1.05148 ;0.163648 ;0.964996 ;0.377979 ;0.271324 ;1.04189 ;1.02149 ;0.972142 ;1.00458 ;0.758197 ;2.09446 ;1.24121 ;0.95002 ;0.817634 ;0 ;0.438319 ;1.86417 ;0.597268 ;0.859369 ;0.220812 ;1.88912 ;0.462497 ;0.681947 ;2.16877 ;0.777301 ;0.912612 ;0.740017 ;0.661725 ;7.00934 ;2.14502 ;0 ;0.88336 ;0 ;
12 ;1.00115 ;0.320159 ;1.17204 ;1.43196 ;1.15941 ;0.617937 ;1.37444 ;0.816668 ;1.20677 ;0.578194 ;0.47566 ;1.14542 ;0.881976 ;1.24114 ;0.912452 ;0.733101 ;1.45444 ;0.467307 ;0.985152 ;0.603819 ;1.22591 ;1.17686 ;1.23568 ;0.954703 ;0.940861 ;1.43816 ;0.524279 ;0.845627 ;0.880089 ;1.24968 ;1.04773 ;0.576246 ;0.745851 ;0.904209 ;1.07858 ;0.569336 ;1.98072 ;1.36935 ;1.17705 ;0.901145 ;0.609743 ;0.878184 ;1.26381 ;0.660484 ;0.568956 ;1.39267 ;0.70954 ;0 ;0.836756 ;0.415743 ;0.594842 ;2.40418 ;1.07347 ;2.41974 ;0.621075 ;0.823531 ;0.552519 ;0.342038 ;0.83528 ;1.3269 ;0.385069 ;0.477041 ;0.230193 ;0 ;0.255636 ;0 ;
13 ;1.00431 ;0.167526 ;1.03212 ;1.17523 ;0.974542 ;0.920734 ;1.10536 ;1.07105 ;1.13859 ;0.965673 ;0.761022 ;0.944333 ;1.00886 ;0.943163 ;1.04105 ;1.04664 ;1.13374 ;0.881885 ;0.796777 ;0.939754 ;0.947394 ;0.883076 ;0.927042 ;0.875216 ;1.27327 ;1.06988 ;0.903761 ;0.924774 ;0.949969 ;1.11264 ;0.703578 ;1.34145 ;0.843942 ;0.891803 ;1.02556 ;1.03175 ;2.04544 ;0.703493 ;1.51915 ;0.821821 ;0.748749 ;0.944109 ;1.06559 ;1.05772 ;0.963172 ;0.921499 ;0.814143 ;0 ;0.850525 ;0.788358 ;0.617981 ;0.795628 ;1.56345 ;0.488553 ;0.704377 ;1.44589 ;0.71348 ;0.601748 ;0.754793 ;1.06187 ;1.04226 ;0.739328 ;0.192312 ;0 ;0.379468 ;0 ;
14 ;1.00099 ;0.134625 ;1.13976 ;0.906408 ;1.00174 ;1.08226 ;0.969158 ;1.07734 ;0.968562 ;1.04003 ;0.85997 ;1.18216 ;1.03954 ;1.07756 ;0.866663 ;0.852447 ;0.826835 ;0.851283 ;1.28775 ;0.904208 ;0.870939 ;0.94134 ;1.09848 ;0.852068 ;0.874496 ;1.07716 ;1.21085 ;1.19363 ;1.09368 ;0.899452 ;0.865315 ;1.07316 ;0.922872 ;0.80713 ;0.934082 ;0.980294 ;1.36729 ;0.657258 ;0.992227 ;0.945926 ;1.16681 ;1.33748 ;0.902528 ;0.961221 ;0.97869 ;0.882915 ;0.812452 ;0 ;0.883977 ;0.95372 ;0.459063 ;1.8126 ;0.732239 ;1.44451 ;0.636953 ;1.41342 ;1.22299 ;0.81992 ;0.905724 ;0.930019 ;0.902832 ;0.172919 ;0.82262 ;0 ;0 ;0 ;
15 ;0.997892 ;0.159935 ;0.950702 ;1.15992 ;0.98418 ;1.09414 ;0.940008 ;1.01227 ;0.954971 ;1.00094 ;0.888844 ;1.10409 ;0.916314 ;1.09349 ;1.01552 ;0.928605 ;0.979381 ;0.904957 ;1.01093 ;0.965027 ;0.973308 ;0.970064 ;1.00242 ;1.04519 ;0.706791 ;0.86166 ;1.12708 ;0.973112 ;0.92241 ;1.04847 ;1.04094 ;1.2352 ;1.00669 ;0.707407 ;1.26736 ;0.890749 ;0.83852 ;1.03622 ;0.907382 ;0.93464 ;1.05072 ;1.4159 ;0.884478 ;1.0049 ;0.914564 ;2.64763 ;0.892801 ;0 ;0.763564 ;0.657726 ;0.925768 ;0.695283 ;0.697151 ;0.781213 ;0.731384 ;0.833773 ;0.773182 ;1.15163 ;0.885508 ;0.704267 ;4.73203 ;0.378975 ;0.783011 ;0 ;0.382205 ;0 ;
colAver:   ; ;1.04282 ;1.12075 ;1.07741 ;0.943289 ;0.999657 ;0.988132 ;0.847867 ;0.931352 ;0.939683 ;1.09134 ;1.10217 ;1.03799 ;1.01658 ;1.07673 ;1.06643 ;0.938974 ;1.06583 ;0.960525 ;0.804457 ;0.995802 ;1.16167 ;0.914435 ;0.942718 ;0.943594 ;0.885629 ;0.980807 ;1.07052 ;1.13617 ;0.977301 ;0.87002 ;0.826589 ;0.904066 ;0.7338 ;0.879212 ;1.09453 ;1.02767 ;0.968653 ;1.07755 ;0.925575 ;1.04233 ;0.988204 ;0.971303 ;0.9362 ;1.10335 ;0.814873 ;0 ;0.910027 ;0.884199 ;0.773298 ;1.19705 ;1.25441 ;1.26861 ;0.860719 ;1.09791 ;1.28507 ;0.764382 ;0.901635 ;1.34873 ;1.08642 ;1.31168 ;1.03587 ;0 ;0.47738 ;0 ;
colSigma:   ; ;0.13037 ;0.276208 ;0.0875442 ;0.331068 ;0.252355 ;0.172609 ;0.229762 ;0.197445 ;0.398599 ;0.198254 ;0.178278 ;0.150954 ;0.239537 ;0.288687 ;0.317425 ;0.23444 ;0.171034 ;0.199888 ;0.243312 ;0.157046 ;0.213374 ;0.262141 ;0.244222 ;0.345522 ;0.230116 ;0.135372 ;0.298707 ;0.253832 ;0.209351 ;0.302353 ;0.192479 ;0.168458 ;0.373752 ;0.178863 ;0.507217 ;0.381524 ;0.284872 ;0.197669 ;0.281249 ;0.234232 ;0.261322 ;0.347005 ;0.279844 ;0.522454 ;0.178686 ;0 ;0.273848 ;0.520489 ;0.181443 ;0.754397 ;1.15097 ;0.572826 ;0.346204 ;0.451801 ;0.71654 ;0.628903 ;0.289855 ;0.764116 ;0.92725 ;1.71347 ;0.825546 ;0 ;0.379727 ;0 ;
Effective Number of Codons Used= Codon Weights
1 ; ;1705.79 ;1721.47 ;1528.12 ;1483.37 ;1185.24 ;1315.15 ;1233.01 ;1131.46 ;963.413 ;1130.47 ;998.296 ;747.629 ;717.29 ;826.231 ;706.176 ;601.928 ;631.584 ;543.564 ;709.069 ;641.316 ;591.899 ;555.835 ;589.869 ;368.943 ;454.967 ;383.097 ;387.511 ;436.085 ;346.963 ;238.183 ;359.418 ;314.946 ;247.212 ;170.456 ;251.197 ;166.212 ;187.007 ;220.05 ;99.0471 ;80.2883 ;117.323 ;110.315 ;122.266 ;119.363 ;98.6074 ;0 ;60.4553 ;45.8952 ;62.1171 ;53.7525 ;68.9769 ;36.527 ;39.1645 ;30.5271 ;24.6671 ;9.01335 ;8.6386 ;5.32826 ;12.7345 ;7.61701 ;6.77408 ;0 ;0.469003 ;0 ;
2 ; ;1717.14 ;1740.81 ;1534.81 ;1499.46 ;1191.1 ;1332.81 ;1239.89 ;1138.28 ;968.079 ;1134.28 ;1001.87 ;754.652 ;722.36 ;830.558 ;551.52 ;615.391 ;639.917 ;552.129 ;710.105 ;646.119 ;592.253 ;555.965 ;589.441 ;370.399 ;458.739 ;382.603 ;396.499 ;442.363 ;348.517 ;238.964 ;359.675 ;322.51 ;245.263 ;172.141 ;249.918 ;165.291 ;187.367 ;219.042 ;99.1467 ;80.4567 ;117.3 ;111.177 ;121.921 ;118.937 ;99.501 ;0 ;58.7587 ;45.8497 ;61.7925 ;53.6918 ;68.074 ;36.561 ;39.5752 ;30.8924 ;24.2595 ;8.94314 ;8.5536 ;5.20598 ;12.5433 ;7.50973 ;6.68689 ;0 ;0.480742 ;0 ;
3 ; ;1728.83 ;1739.2 ;1543.19 ;1507.01 ;1198.09 ;1313.74 ;1256.06 ;1152.18 ;986.615 ;1149.93 ;1008.3 ;759.394 ;724.417 ;818.027 ;546.509 ;618.218 ;641.008 ;555.489 ;717.171 ;645.251 ;591.065 ;544.873 ;592.233 ;367.387 ;467.981 ;385.194 ;403.162 ;450.683 ;353.505 ;241.959 ;355.586 ;312.709 ;243.368 ;173.47 ;251.374 ;162.595 ;188.491 ;215.679 ;99.2762 ;80.786 ;121.064 ;107.001 ;124.111 ;118.779 ;100.583 ;0 ;59.1751 ;45.8229 ;63.0813 ;53.7768 ;65.6939 ;46.3904 ;39.8274 ;30.3985 ;23.9012 ;8.9909 ;8.37224 ;5.11725 ;12.4997 ;7.2214 ;6.47626 ;0 ;0.47567 ;0 ;
4 ; ;1715.58 ;1723.74 ;1529.78 ;1490.93 ;1175.28 ;1328.27 ;1249.51 ;1140.04 ;979.225 ;1142.18 ;1010.14 ;764.905 ;717.057 ;820.989 ;534.58 ;612.103 ;634.184 ;542.234 ;712.796 ;631.903 ;588.657 ;542.666 ;588.548 ;367.617 ;469.219 ;380.636 ;395.991 ;424.214 ;345.17 ;239.016 ;353.633 ;308.832 ;243.385 ;173.957 ;250.649 ;159.951 ;190.807 ;215.786 ;98.0923 ;79.5392 ;116.125 ;105.842 ;123.172 ;117.838 ;99.1478 ;0 ;56.5927 ;45.6238 ;60.6298 ;52.5381 ;61.1311 ;45.3253 ;39.9458 ;29.5689 ;24.4929 ;8.75721 ;6.12417 ;5.15166 ;11.0369 ;7.29434 ;5.23304 ;0 ;0.399914 ;0 ;
5 ; ;1730.51 ;1712.05 ;1525.88 ;1501.23 ;1174.47 ;1345.24 ;1243.59 ;1144.88 ;981.991 ;1155.19 ;1030.91 ;775.475 ;727.679 ;819.097 ;542.859 ;614.625 ;642.252 ;544.462 ;719.046 ;615.227 ;583.233 ;541.51 ;593.78 ;353.93 ;455.944 ;381.447 ;394.76 ;421.973 ;346.458 ;240.661 ;359.779 ;313.78 ;243.004 ;172.697 ;249.318 ;157.222 ;191.072 ;209.165 ;102.681 ;80.1093 ;116.674 ;103.84 ;123.154 ;117.748 ;99.991 ;0 ;56.5919 ;45.8448 ;57.9435 ;50.3089 ;59.8489 ;44.579 ;40.1978 ;29.9627 ;23.9932 ;8.93764 ;6.25927 ;3.48025 ;11.0691 ;7.24255 ;5.03216 ;0 ;0.408462 ;0 ;
6 ; ;1749.34 ;1688.26 ;1529.02 ;1503.51 ;1170.31 ;1352.18 ;1244.86 ;1149.43 ;985.988 ;1151.73 ;1034.32 ;779.586 ;736.453 ;823.137 ;539.005 ;617.4 ;643.047 ;552.612 ;714.48 ;613.583 ;578.48 ;540.282 ;594.437 ;344.546 ;460.134 ;379.185 ;394.195 ;421.316 ;352.591 ;245.446 ;359.644 ;315.139 ;238.307 ;173.106 ;247.771 ;144.624 ;191.43 ;204.646 ;103.22 ;79.9729 ;115.087 ;101.774 ;124.646 ;114.369 ;98.8683 ;0 ;54.3441 ;45.625 ;54.7255 ;52.8307 ;58.1415 ;42.9759 ;40.1669 ;30.0902 ;24.0022 ;9.03316 ;5.70087 ;3.54665 ;9.56011 ;7.42085 ;5.12857 ;0 ;0.417432 ;0 ;
7 ; ;1753.04 ;1687.68 ;1542.35 ;1516.19 ;1175.45 ;1346.25 ;1271.07 ;1144.63 ;995.048 ;1162.7 ;1050.34 ;782.687 ;741.402 ;819.38 ;534.456 ;624.595 ;647.299 ;558.086 ;722.602 ;612.448 ;571.277 ;540.741 ;604.436 ;334.486 ;462.576 ;383.239 ;398.224 ;424.268 ;356.82 ;247.18 ;364.512 ;315.909 ;241.907 ;171.449 ;252.516 ;146.458 ;195.962 ;200.409 ;105.483 ;82.1855 ;113.667 ;101.313 ;125.914 ;114.239 ;98.7942 ;0 ;52.9249 ;45.9793 ;54.0677 ;52.3467 ;56.2267 ;41.9496 ;39.088 ;30.1518 ;24.0875 ;7.49841 ;5.74009 ;3.57141 ;9.64454 ;7.44598 ;4.6451 ;0 ;0.418447 ;0 ;
8 ; ;1740.37 ;1675.82 ;1537.82 ;1510.1 ;1175.28 ;1370.18 ;1263.8 ;1141.14 ;994.461 ;1170.83 ;1045.24 ;785.828 ;739.538 ;823.878 ;533.837 ;626.154 ;643.851 ;557.615 ;722.07 ;610.572 ;562.699 ;541.216 ;597.054 ;327.419 ;461.519 ;387.29 ;394.428 ;427.303 ;356.812 ;250.478 ;367.034 ;314.929 ;240.151 ;170.776 ;252.392 ;144.043 ;195.298 ;188.727 ;104.152 ;85.0775 ;111.594 ;102.176 ;121.548 ;111.491 ;99.4322 ;0 ;52.8819 ;45.7744 ;51.3303 ;50.5066 ;56.5075 ;41.6023 ;39.0765 ;30.1105 ;23.5654 ;7.48176 ;5.67995 ;3.48632 ;9.38182 ;7.35211 ;4.64279 ;0 ;0.405787 ;0 ;
9 ; ;1722.75 ;1682.71 ;1553 ;1509.12 ;1170.28 ;1385.54 ;1268.75 ;1143.55 ;1006.65 ;1175.61 ;1053.5 ;786.724 ;743.033 ;819.74 ;547.231 ;628.611 ;643.56 ;555.164 ;730.815 ;607.893 ;561.242 ;543.642 ;603.008 ;325.065 ;458.302 ;399.729 ;397.307 ;424.348 ;358.213 ;252.938 ;367.558 ;315.478 ;243.804 ;170.957 ;252.203 ;142.057 ;196.121 ;192.403 ;104.383 ;83.6927 ;111.635 ;98.9436 ;121.141 ;109.927 ;99.5265 ;0 ;52.8117 ;46.1614 ;49.1542 ;50.9828 ;56.5856 ;40.3514 ;38.9868 ;30.2843 ;23.6404 ;9.49818 ;5.71536 ;3.23894 ;9.55391 ;7.39268 ;4.63629 ;0 ;0.417259 ;0 ;
10 ; ;1715.26 ;1681.31 ;1543.82 ;1511.09 ;1168.29 ;1402.11 ;1266.75 ;1132.09 ;990.703 ;1168.23 ;1045.76 ;781.826 ;735.255 ;814.077 ;539.842 ;626.657 ;642.577 ;554.895 ;728.781 ;603.433 ;557.529 ;541.435 ;598.863 ;320.659 ;456.017 ;389.277 ;394.335 ;410.885 ;352.215 ;249.239 ;363.823 ;315.695 ;240.088 ;167.125 ;250.395 ;141.712 ;194.235 ;182.806 ;102.66 ;81.6113 ;109.582 ;98.1589 ;119.635 ;109.536 ;98.206 ;0 ;52.5485 ;44.8305 ;47.232 ;50.4198 ;56.369 ;39.7307 ;38.5869 ;29.4747 ;23.2573 ;9.347 ;4.62671 ;3.21804 ;9.68585 ;7.2354 ;4.61416 ;0 ;0.403499 ;0 ;
11 ; ;1712.29 ;1668.88 ;1540.49 ;1490.11 ;1172.46 ;1392.9 ;1264.9 ;1121.46 ;980.258 ;1171.17 ;1047 ;786.957 ;728.143 ;809.894 ;542.747 ;624.109 ;638.64 ;542.146 ;732.736 ;618.375 ;555.35 ;538.557 ;593.974 ;318.087 ;457.011 ;385.15 ;403.271 ;407.196 ;354.287 ;247.662 ;361.432 ;319.39 ;237.34 ;165.378 ;248.33 ;141.419 ;191.403 ;181.784 ;102.514 ;79.3527 ;109.064 ;98.703 ;116.168 ;109.902 ;100.689 ;0 ;54.3102 ;46.0947 ;45.1012 ;50.0558 ;55.7951 ;39.4894 ;38.7162 ;29.4725 ;23.2766 ;9.46972 ;4.69067 ;3.31561 ;9.78253 ;7.08289 ;4.6728 ;0 ;0.413683 ;0 ;
12 ; ;1713.03 ;1689.07 ;1540.19 ;1505.89 ;1171.11 ;1403.89 ;1280.79 ;1129.51 ;995.008 ;1174.51 ;1048.56 ;788.407 ;734.905 ;812.439 ;544.031 ;628.276 ;640.823 ;548.31 ;732.748 ;625.283 ;557.666 ;541.017 ;595.307 ;313.519 ;456.844 ;388.187 ;398.967 ;409.177 ;355.708 ;246.687 ;363.054 ;319.909 ;235.954 ;158.171 ;248.013 ;140.638 ;186.234 ;179.76 ;101.542 ;80.4303 ;108.183 ;98.6415 ;117.63 ;109.794 ;101.901 ;0 ;54.4656 ;45.8326 ;44.9341 ;50.1158 ;55.7316 ;39.4379 ;39.0855 ;29.9205 ;22.6762 ;9.31028 ;4.68744 ;3.1868 ;9.49 ;7.33206 ;4.53571 ;0 ;0.408428 ;0 ;
13 ; ;1707.53 ;1688.48 ;1553.74 ;1493.84 ;1159.46 ;1404.92 ;1269.87 ;1120.67 ;995.765 ;1166.61 ;1047.39 ;784.038 ;730.122 ;805.728 ;543.345 ;626.831 ;638.815 ;549.178 ;725.268 ;625.513 ;554.569 ;543.15 ;619.843 ;307.114 ;448.245 ;389.456 ;397.591 ;410.685 ;356.746 ;243.266 ;360.941 ;319.208 ;234.613 ;155.184 ;245.601 ;140.475 ;184.708 ;178.499 ;102.84 ;80.2329 ;106.311 ;98.0692 ;104.065 ;112.227 ;102.274 ;0 ;54.5046 ;44.8304 ;47.4753 ;47.8983 ;55.1278 ;39.5364 ;38.8359 ;29.5703 ;22.975 ;9.45625 ;4.70314 ;3.24473 ;9.5167 ;7.27289 ;4.61478 ;0 ;0.412718 ;0 ;
14 ; ;1707.16 ;1699.91 ;1561.8 ;1491.08 ;1165.82 ;1407.66 ;1279.88 ;1115.99 ;998.9 ;1158.85 ;1049.02 ;801.46 ;733.073 ;801.762 ;544.309 ;629.556 ;638.005 ;552.754 ;727.137 ;621.956 ;562.023 ;539.157 ;626.695 ;307.558 ;459.895 ;390.038 ;395.895 ;420.269 ;355.585 ;241.524 ;364.69 ;331.739 ;232.999 ;156.353 ;246.496 ;140.746 ;185.883 ;179.584 ;102.815 ;80.4055 ;107.066 ;98.5193 ;103.695 ;112.992 ;102.809 ;0 ;54.3318 ;43.7354 ;46.7387 ;46.7725 ;55.3243 ;39.8985 ;38.8488 ;29.474 ;22.9223 ;9.42318 ;4.6687 ;3.19956 ;8.21086 ;7.24564 ;2.66537 ;0 ;0.401849 ;0 ;
15 ; ;1708.57 ;1711.07 ;1561.07 ;1482 ;1169.98 ;1408.52 ;1277.27 ;1113.05 ;999.282 ;1171.14 ;1051.48 ;803.197 ;733.264 ;806.561 ;549.772 ;626.656 ;640.545 ;564.117 ;741.679 ;622.59 ;557.03 ;533.338 ;636.167 ;304.868 ;459.987 ;391.193 ;405.451 ;438.063 ;353.065 ;245.722 ;365.18 ;327.289 ;233.556 ;156.481 ;248.409 ;142.977 ;189.169 ;183.205 ;103.692 ;81.2617 ;106.477 ;98.6532 ;103.831 ;110.339 ;103.263 ;0 ;54.3537 ;43.7335 ;46.6349 ;45.2755 ;53.9903 ;40.5627 ;38.8294 ;29.8661 ;22.8889 ;9.38346 ;4.65738 ;3.18741 ;7.85488 ;7.30083 ;2.66686 ;0 ;0.409763 ;0 ;
Sigma Errors in tFP/zFP factors: 
1 ; ;0.00553758 ;0.00569609 ;0.00886323 ;0.00805233 ;0.00964059 ;0.00923899 ;0.0085635 ;0.00937022 ;0.00723704 ;0.00880001 ;0.00830556 ;0.00981938 ;0.00984088 ;0.00781528 ;0.00982576 ;0.0113474 ;0.0105056 ;0.0109662 ;0.0102309 ;0.0105902 ;0.00955599 ;0.01141 ;0.0101205 ;0.0145269 ;0.0103532 ;0.014931 ;0.0122527 ;0.0126672 ;0.0132116 ;0.0166874 ;0.0126995 ;0.013925 ;0.0151609 ;0.017606 ;0.0164779 ;0.016835 ;0.0150778 ;0.0170881 ;0.0224101 ;0.0278829 ;0.0213092 ;0.0249659 ;0.0210581 ;0.0198947 ;0.0237822 ;0 ;0.0261444 ;0.0354325 ;0.0262458 ;0.034332 ;0.0333225 ;0.0438696 ;0.0514798 ;0.0500849 ;0.03754 ;0.0702827 ;0.0581653 ;0.0954132 ;0.0489016 ;0.0694762 ;0.0924553 ;0 ;0.157505 ;0 ;
2 ; ;0.00458836 ;0.0070644 ;0.00867063 ;0.00645856 ;0.0107162 ;0.00838368 ;0.00972336 ;0.00896949 ;0.00537705 ;0.0101515 ;0.00793814 ;0.0077385 ;0.00995123 ;0.00824933 ;0.0111891 ;0.00868209 ;0.0105167 ;0.00893868 ;0.0110407 ;0.00992799 ;0.0129722 ;0.0136082 ;0.0106037 ;0.0139576 ;0.00939904 ;0.0124976 ;0.0106096 ;0.0119072 ;0.013426 ;0.0146168 ;0.0131124 ;0.0113799 ;0.0182737 ;0.0202189 ;0.0189185 ;0.0166705 ;0.0125975 ;0.0193361 ;0.0183573 ;0.0285808 ;0.0299141 ;0.020386 ;0.0268465 ;0.0222376 ;0.0200845 ;0 ;0.0301416 ;0.0168419 ;0.0260923 ;0.0279398 ;0.0662609 ;0.0515167 ;0.0389905 ;0.0597091 ;0.039766 ;0.132664 ;0.0733769 ;0.116353 ;0.0620277 ;0.0461853 ;0.0849166 ;0 ;0.108623 ;0 ;
3 ; ;0.00432048 ;0.00777232 ;0.00834269 ;0.00447353 ;0.00992546 ;0.00790223 ;0.00890414 ;0.00716748 ;0.00431414 ;0.00981593 ;0.00913619 ;0.00907157 ;0.00956358 ;0.0115009 ;0.0110671 ;0.00806995 ;0.0121874 ;0.0077844 ;0.0104513 ;0.0106402 ;0.0152478 ;0.0145892 ;0.0116178 ;0.0170678 ;0.00847837 ;0.0109108 ;0.00828882 ;0.0113565 ;0.0146434 ;0.0115132 ;0.0156265 ;0.0126019 ;0.0166372 ;0.0193754 ;0.0224718 ;0.023047 ;0.011519 ;0.0203983 ;0.0204253 ;0.0290748 ;0.0210431 ;0.0226037 ;0.0239441 ;0.0295136 ;0.0189877 ;0 ;0.0369861 ;0.0109465 ;0.024862 ;0.0563764 ;0.0460479 ;0.0394061 ;0.0367637 ;0.0590071 ;0.0358877 ;0.0530215 ;0.0943138 ;0.178151 ;0.0798142 ;0.0396398 ;0.0719335 ;0 ;0.155301 ;0 ;
4 ; ;0.00556868 ;0.00569261 ;0.00787251 ;0.00451532 ;0.0108529 ;0.00627371 ;0.00602789 ;0.00626828 ;0.00665839 ;0.0107347 ;0.0105315 ;0.0103097 ;0.0134276 ;0.00929115 ;0.0172053 ;0.00967242 ;0.0111103 ;0.0114254 ;0.00940873 ;0.0132061 ;0.0124958 ;0.0119878 ;0.0145897 ;0.0139662 ;0.0091833 ;0.0114089 ;0.0110643 ;0.0164604 ;0.0164302 ;0.0127537 ;0.0117844 ;0.0169822 ;0.0136484 ;0.0164711 ;0.0152347 ;0.022589 ;0.016289 ;0.0152549 ;0.0328391 ;0.0317343 ;0.0231198 ;0.0164321 ;0.0152204 ;0.0252816 ;0.0228059 ;0 ;0.0389323 ;0.0166871 ;0.0321988 ;0.0417985 ;0.0226287 ;0.0336313 ;0.028576 ;0.0476253 ;0.0362084 ;0.0342773 ;0.0859949 ;0.132767 ;0.0698935 ;0.0657991 ;0.0895921 ;0 ;0.370313 ;0 ;
5 ; ;0.00583442 ;0.00606654 ;0.00892252 ;0.00924602 ;0.00597218 ;0.00716917 ;0.00558314 ;0.00951976 ;0.011872 ;0.00850337 ;0.0105894 ;0.00961749 ;0.00917028 ;0.0112071 ;0.00905944 ;0.0122063 ;0.0110222 ;0.0111539 ;0.00647089 ;0.00906401 ;0.0111394 ;0.00756862 ;0.0106266 ;0.0082835 ;0.0125532 ;0.0122958 ;0.0160234 ;0.0135459 ;0.0159846 ;0.0147956 ;0.0115778 ;0.0116173 ;0.00791142 ;0.0148988 ;0.0124082 ;0.0160742 ;0.0208503 ;0.0183629 ;0.0201733 ;0.0240438 ;0.0209445 ;0.020659 ;0.0182181 ;0.0184273 ;0.0160787 ;0 ;0.0247822 ;0.0330055 ;0.0255771 ;0.0463938 ;0.0220913 ;0.0270355 ;0.0315809 ;0.0410417 ;0.0782421 ;0.0652603 ;0.0679198 ;0.0780711 ;0.0518781 ;0.166734 ;0.195287 ;0 ;0.384655 ;0 ;
6 ; ;0.0056287 ;0.00593291 ;0.00867428 ;0.00969034 ;0.00669582 ;0.00694535 ;0.00640649 ;0.00897774 ;0.0131242 ;0.00859614 ;0.0105142 ;0.00992999 ;0.00963988 ;0.00963204 ;0.0101264 ;0.0100811 ;0.0128341 ;0.0117953 ;0.00703868 ;0.0115031 ;0.010866 ;0.00885983 ;0.00936543 ;0.0113489 ;0.0112987 ;0.0131342 ;0.0169879 ;0.0144265 ;0.0120289 ;0.0113038 ;0.0110616 ;0.0116904 ;0.0115695 ;0.0147777 ;0.0127296 ;0.0180339 ;0.0184205 ;0.020122 ;0.0213543 ;0.0242723 ;0.0192803 ;0.0225691 ;0.0161565 ;0.0164868 ;0.0186289 ;0 ;0.0288858 ;0.0410662 ;0.0239383 ;0.0213442 ;0.0250451 ;0.027284 ;0.0374431 ;0.0303402 ;0.0712932 ;0.0605215 ;0.111998 ;0.0780248 ;0.0708025 ;0.0947316 ;0.108801 ;0 ;0.250482 ;0 ;
7 ; ;0.00561909 ;0.00621346 ;0.00759723 ;0.00910996 ;0.00677819 ;0.00856546 ;0.0062231 ;0.00777552 ;0.0114629 ;0.00738376 ;0.00910458 ;0.0107523 ;0.00846128 ;0.013682 ;0.0107349 ;0.0120254 ;0.00976471 ;0.0127408 ;0.007587 ;0.00972396 ;0.0134885 ;0.00934676 ;0.00797872 ;0.0103937 ;0.0107251 ;0.0139768 ;0.0142318 ;0.0140724 ;0.0112982 ;0.0133652 ;0.0100004 ;0.0131717 ;0.00985728 ;0.0136336 ;0.0121184 ;0.024084 ;0.0192661 ;0.015006 ;0.0220307 ;0.0213007 ;0.0179704 ;0.0248887 ;0.0211717 ;0.0182594 ;0.0253528 ;0 ;0.0311406 ;0.0442785 ;0.0268971 ;0.0257517 ;0.0227613 ;0.0363691 ;0.0349947 ;0.043108 ;0.0573233 ;0.0462488 ;0.0996296 ;0.176354 ;0.0889927 ;0.0714155 ;0.0990237 ;0 ;0 ;0 ;
8 ; ;0.0046207 ;0.00808028 ;0.00903423 ;0.00596229 ;0.00789253 ;0.00747417 ;0.0062853 ;0.00669789 ;0.00898104 ;0.0117798 ;0.0108803 ;0.00937281 ;0.00898911 ;0.00998766 ;0.0122077 ;0.0106848 ;0.0127255 ;0.01185 ;0.00696214 ;0.0112735 ;0.0129183 ;0.00940139 ;0.00954721 ;0.0135424 ;0.0100838 ;0.0124596 ;0.015353 ;0.0162469 ;0.010919 ;0.0110466 ;0.00856121 ;0.0135751 ;0.00880979 ;0.017374 ;0.0122207 ;0.0223463 ;0.0142229 ;0.0180695 ;0.0237475 ;0.020587 ;0.0226167 ;0.0212033 ;0.0176488 ;0.018197 ;0.0188715 ;0 ;0.027363 ;0.0356185 ;0.0332555 ;0.0255209 ;0.0381521 ;0.0544984 ;0.0316887 ;0.0328562 ;0.0503626 ;0.0395133 ;0.0596536 ;0.193103 ;0.0937522 ;0.0956081 ;0.0764513 ;0 ;0.223073 ;0 ;
9 ; ;0.00585381 ;0.00589618 ;0.00772692 ;0.0074603 ;0.00823861 ;0.00897494 ;0.00656933 ;0.00809425 ;0.00917388 ;0.00928307 ;0.00959437 ;0.0107006 ;0.00959631 ;0.00907222 ;0.0131316 ;0.00930268 ;0.0111735 ;0.0110809 ;0.00815658 ;0.0112195 ;0.0118415 ;0.010705 ;0.00988251 ;0.014626 ;0.0113549 ;0.0126857 ;0.0148121 ;0.0149015 ;0.01187 ;0.00999464 ;0.0101375 ;0.0135686 ;0.00947562 ;0.0168664 ;0.0144795 ;0.0273407 ;0.0153282 ;0.0186204 ;0.0192307 ;0.0268021 ;0.0225128 ;0.0182074 ;0.0242818 ;0.0186687 ;0.0210889 ;0 ;0.0312184 ;0.0231232 ;0.0306926 ;0.0228639 ;0.0290603 ;0.034916 ;0.0403358 ;0.0339578 ;0.0570724 ;0.0624161 ;0.0930429 ;0.159571 ;0.0606338 ;0.0757067 ;0.0607311 ;0 ;0.376559 ;0 ;
10 ; ;0.00733584 ;0.00443726 ;0.0088198 ;0.00720785 ;0.00820237 ;0.00804596 ;0.00598563 ;0.00817812 ;0.00960988 ;0.00869726 ;0.0112983 ;0.0119688 ;0.00995339 ;0.0115853 ;0.0136041 ;0.0118033 ;0.00997481 ;0.0115828 ;0.00770388 ;0.00980944 ;0.0130985 ;0.00878725 ;0.0123813 ;0.0103422 ;0.0130182 ;0.0127351 ;0.0153429 ;0.0131162 ;0.0149824 ;0.015588 ;0.0105666 ;0.0145942 ;0.00939947 ;0.0186023 ;0.0145741 ;0.0186354 ;0.0176564 ;0.019502 ;0.0229439 ;0.0252788 ;0.0190942 ;0.0228716 ;0.0200289 ;0.0277314 ;0.0257469 ;0 ;0.0308352 ;0.0412195 ;0.032664 ;0.0253751 ;0.0189622 ;0.0447149 ;0.0262481 ;0.0390582 ;0.0764958 ;0.0568668 ;0.118826 ;0.102832 ;0.0396926 ;0.106411 ;0.120495 ;0 ;0.28982 ;0 ;
11 ; ;0.00832363 ;0.0027349 ;0.0108259 ;0.0148244 ;0.0076627 ;0.0128041 ;0.00761038 ;0.0125347 ;0.0130236 ;0.00807312 ;0.0120886 ;0.0113619 ;0.0169151 ;0.0159209 ;0.00839087 ;0.0146634 ;0.0109114 ;0.0143054 ;0.00613345 ;0.0104879 ;0.0120084 ;0.00946773 ;0.00872897 ;0.00666961 ;0.0155243 ;0.0133853 ;0.0139029 ;0.00954315 ;0.0129226 ;0.0203865 ;0.0135742 ;0.0153831 ;0.00613034 ;0.0190028 ;0.00938323 ;0.010231 ;0.0186658 ;0.0188759 ;0.0235428 ;0.0269213 ;0.0199552 ;0.0370222 ;0.0255355 ;0.0225052 ;0.021594 ;0 ;0.0208242 ;0.0483527 ;0.0267527 ;0.0307362 ;0.0144791 ;0.0522155 ;0.0252508 ;0.0352296 ;0.0726392 ;0.0658729 ;0.101195 ;0.108302 ;0.0598176 ;0.238135 ;0.15688 ;0 ;0.334759 ;0 ;
12 ; ;0.00574081 ;0.00701396 ;0.00849128 ;0.00555163 ;0.0103491 ;0.00683522 ;0.00919382 ;0.00591362 ;0.00552311 ;0.00912695 ;0.00792568 ;0.0109552 ;0.00923287 ;0.00776031 ;0.01384 ;0.00664901 ;0.0102173 ;0.00815663 ;0.0111591 ;0.0114949 ;0.0123808 ;0.0106991 ;0.0102619 ;0.0171233 ;0.00818097 ;0.0114734 ;0.0116163 ;0.0141283 ;0.0135016 ;0.0114255 ;0.0110043 ;0.0129659 ;0.016391 ;0.0140343 ;0.0228425 ;0.0236743 ;0.0191233 ;0.01684 ;0.0180087 ;0.0243483 ;0.0255921 ;0.0190031 ;0.0161703 ;0.0267626 ;0.0194534 ;0 ;0.0286953 ;0.0218894 ;0.0265147 ;0.0518675 ;0.0322338 ;0.0581659 ;0.0290137 ;0.0382453 ;0.0358845 ;0.0438664 ;0.0966918 ;0.148045 ;0.0461399 ;0.0584159 ;0.0515253 ;0 ;0.180893 ;0 ;
13 ; ;0.00547878 ;0.00623846 ;0.00774004 ;0.00752239 ;0.00919612 ;0.00852864 ;0.0091489 ;0.00847967 ;0.00751881 ;0.00824571 ;0.00890431 ;0.00940078 ;0.0102754 ;0.00995576 ;0.0120777 ;0.00979084 ;0.00914083 ;0.0107193 ;0.00970127 ;0.00979926 ;0.0105859 ;0.0103001 ;0.012475 ;0.0147152 ;0.0113814 ;0.0122042 ;0.0123118 ;0.0133593 ;0.0108565 ;0.0184941 ;0.0119488 ;0.0130064 ;0.0161166 ;0.0195285 ;0.0237523 ;0.0166526 ;0.0223309 ;0.0161678 ;0.0199691 ;0.0253864 ;0.0236618 ;0.0244421 ;0.0226604 ;0.0213481 ;0.0209286 ;0 ;0.0289801 ;0.0306722 ;0.0263478 ;0.0298371 ;0.0395213 ;0.0255626 ;0.0310599 ;0.0513915 ;0.0406214 ;0.0578238 ;0.0917527 ;0.131177 ;0.0761619 ;0.0731218 ;0.0466851 ;0 ;0.219324 ;0 ;
14 ; ;0.00629981 ;0.00500999 ;0.00803465 ;0.0086265 ;0.00850645 ;0.00872198 ;0.00827256 ;0.00907976 ;0.00824178 ;0.00984698 ;0.00922633 ;0.0103117 ;0.00922367 ;0.00883221 ;0.0100295 ;0.00965311 ;0.0125505 ;0.0105352 ;0.00928531 ;0.0103196 ;0.0118201 ;0.0102507 ;0.00987225 ;0.014856 ;0.0135741 ;0.0143126 ;0.0135136 ;0.0117395 ;0.012303 ;0.0164105 ;0.0126059 ;0.0121547 ;0.0154131 ;0.0189875 ;0.018756 ;0.016082 ;0.017622 ;0.0174629 ;0.0253188 ;0.0305444 ;0.0216372 ;0.0232356 ;0.0229404 ;0.0208476 ;0.020892 ;0 ;0.0296382 ;0.0342568 ;0.022835 ;0.0463848 ;0.0266529 ;0.0443625 ;0.0295211 ;0.0509176 ;0.0536144 ;0.0677053 ;0.100936 ;0.123577 ;0.0762347 ;0.0353288 ;0.127231 ;0 ;0 ;0 ;
15 ; ;0.00515603 ;0.00629071 ;0.00786044 ;0.00863621 ;0.00825764 ;0.00825803 ;0.00813174 ;0.00878118 ;0.00837263 ;0.00927265 ;0.00839589 ;0.010342 ;0.0101598 ;0.00926317 ;0.0110359 ;0.0100005 ;0.0106476 ;0.0108355 ;0.00985123 ;0.0104623 ;0.0111445 ;0.0116216 ;0.0085739 ;0.0130743 ;0.0129258 ;0.0125992 ;0.0120474 ;0.0126092 ;0.0137082 ;0.0176112 ;0.0132157 ;0.0113226 ;0.0182652 ;0.0179901 ;0.0141012 ;0.020348 ;0.016618 ;0.0171677 ;0.0238152 ;0.0312979 ;0.0214405 ;0.0237484 ;0.0220939 ;0.0385153 ;0.021892 ;0 ;0.0274668 ;0.0283095 ;0.0327197 ;0.0286403 ;0.0262914 ;0.0320542 ;0.0316736 ;0.0385708 ;0.0424011 ;0.0805421 ;0.0999122 ;0.10765 ;0.182803 ;0.0521587 ;0.124074 ;0 ;0.220907 ;0 ;
rpfOmega fingerprint counts
1 ; ;33114 ;34375 ;33428 ;28188 ;26590 ;28876 ;23810 ;23859 ;12836 ;21812 ;16765 ;13909 ;13079 ;11378 ;12761 ;12408 ;11852 ;9988 ;13613 ;12331 ;9179 ;11053 ;9945 ;8340 ;6729 ;9323 ;6811 ;8775 ;6405 ;4999 ;6391 ;5957 ;4512 ;3006 ;5355 ;2642 ;2688 ;4533 ;1707 ;1735 ;2140 ;2570 ;2262 ;1943 ;1891 ;0 ;888 ;937 ;943 ;1197 ;1826 ;909 ;1417 ;828 ;309 ;146 ;92 ;94 ;141 ;102 ;142 ;0 ;2 ;0 ;
2 ; ;27561 ;43019 ;32606 ;20974 ;30888 ;25699 ;28588 ;22592 ;7994 ;26752 ;15729 ;9667 ;13439 ;12484 ;10564 ;8339 ;12111 ;7301 ;15314 ;11254 ;14892 ;14552 ;10697 ;7850 ;5777 ;6909 ;5527 ;8107 ;6631 ;3971 ;6755 ;4353 ;6166 ;3933 ;6727 ;2567 ;1926 ;5584 ;1168 ;1825 ;3984 ;1782 ;3517 ;2377 ;1396 ;0 ;1106 ;217 ;923 ;802 ;6172 ;1240 ;847 ;1187 ;335 ;502 ;143 ;133 ;219 ;44 ;117 ;0 ;1 ;0 ;
3 ; ;26153 ;47330 ;31228 ;12167 ;28078 ;23197 ;25797 ;16596 ;5670 ;26043 ;19575 ;12591 ;12697 ;20147 ;10230 ;7440 ;15253 ;5823 ;14313 ;12534 ;18915 ;15695 ;12454 ;10759 ;4996 ;5534 ;3673 ;7732 ;7864 ;2627 ;8893 ;4940 ;5170 ;3695 ;9048 ;4487 ;1644 ;5964 ;1437 ;1900 ;2217 ;2015 ;2950 ;3979 ;1280 ;0 ;1657 ;92 ;875 ;3035 ;3042 ;1176 ;765 ;1125 ;266 ;83 ;225 ;297 ;357 ;30 ;79 ;0 ;2 ;0 ;
4 ; ;33665 ;34578 ;28645 ;12169 ;31007 ;16902 ;14524 ;13347 ;11574 ;29279 ;24148 ;15539 ;20880 ;14789 ;19538 ;9901 ;13050 ;10650 ;12073 ;16948 ;13979 ;11533 ;17476 ;7777 ;5780 ;5868 ;5944 ;12776 ;9159 ;3105 ;5464 ;8087 ;3636 ;2763 ;4654 ;4209 ;3220 ;3572 ;3408 ;2176 ;2446 ;1073 ;1239 ;2965 ;1766 ;0 ;1678 ;211 ;1334 ;1668 ;686 ;828 ;470 ;706 ;284 ;33 ;101 ;169 ;215 ;84 ;80 ;0 ;8 ;0 ;
5 ; ;37604 ;38683 ;35038 ;35891 ;13312 ;21588 ;13102 ;25692 ;28300 ;22135 ;25863 ;14629 ;12270 ;20076 ;7396 ;14749 ;13458 ;10523 ;6713 ;9157 ;11761 ;5383 ;11117 ;2914 ;9498 ;6801 ;11176 ;9458 ;8968 ;4159 ;5531 ;4353 ;1308 ;2276 ;3212 ;2199 ;5092 ;4763 ;1503 ;1308 ;2063 ;1613 ;1755 ;1646 ;921 ;0 ;705 ;817 ;785 ;1880 ;629 ;524 ;580 ;543 ;1211 ;124 ;66 ;27 ;120 ;516 ;343 ;0 ;9 ;0 ;
6 ; ;35560 ;36173 ;33166 ;37515 ;15610 ;20428 ;16037 ;23364 ;32048 ;22021 ;25271 ;15285 ;13365 ;15869 ;8738 ;10834 ;16820 ;11666 ;7605 ;13260 ;11021 ;7004 ;8969 ;4895 ;8015 ;7474 ;12106 ;10347 ;5642 ;2618 ;5063 ;4411 ;2589 ;2244 ;3313 ;2324 ;4068 ;5353 ;1688 ;1325 ;1713 ;1833 ;1424 ;1255 ;1196 ;0 ;877 ;1233 ;616 ;459 ;759 ;496 ;807 ;302 ;1015 ;109 ;148 ;28 ;166 ;179 ;113 ;0 ;4 ;0 ;
7 ; ;36422 ;38773 ;28407 ;35496 ;16190 ;27760 ;16010 ;19072 ;27329 ;18069 ;21273 ;17545 ;11080 ;26682 ;9567 ;14735 ;11193 ;13521 ;8859 ;10185 ;15348 ;7736 ;7096 ;3978 ;7458 ;8512 ;9320 ;10138 ;5189 ;3626 ;4351 ;5505 ;1975 ;1897 ;3145 ;4063 ;4621 ;3048 ;1870 ;1087 ;1465 ;2192 ;2429 ;1526 ;2150 ;0 ;965 ;1448 ;756 ;652 ;590 ;831 ;671 ;605 ;674 ;44 ;119 ;143 ;265 ;103 ;77 ;0 ;0 ;0 ;
8 ; ;29533 ;49729 ;35686 ;19349 ;20281 ;23372 ;16063 ;15093 ;19134 ;35217 ;27155 ;14261 ;12132 ;16929 ;11747 ;12247 ;16754 ;12002 ;7639 ;12831 ;13971 ;7809 ;9376 ;6121 ;6670 ;7116 ;10367 ;12877 ;4876 ;2611 ;3314 ;5764 ;1571 ;2964 ;3188 ;3437 ;2631 ;3830 ;2102 ;1088 ;2188 ;1642 ;1609 ;1446 ;1241 ;0 ;749 ;944 ;1031 ;597 ;1621 ;1779 ;552 ;354 ;503 ;32 ;42 ;163 ;278 ;179 ;46 ;0 ;3 ;0 ;
9 ; ;36725 ;36131 ;29100 ;26573 ;21371 ;30524 ;17212 ;20054 ;20022 ;25404 ;22862 ;17430 ;13510 ;14437 ;13671 ;9820 ;13655 ;10663 ;10124 ;12602 ;12086 ;9749 ;10059 ;6887 ;8050 ;7726 ;9869 ;11072 ;5679 ;2202 ;4512 ;5765 ;1857 ;2808 ;4326 ;4808 ;3044 ;4182 ;1413 ;1747 ;2169 ;1151 ;2911 ;1477 ;1537 ;0 ;965 ;412 ;811 ;490 ;962 ;711 ;880 ;382 ;645 ;128 ;103 ;97 ;122 ;114 ;29 ;0 ;9 ;0 ;
10 ; ;42953 ;25467 ;33106 ;24408 ;20441 ;25645 ;14457 ;19377 ;20199 ;22123 ;27375 ;19695 ;13670 ;19941 ;13738 ;13885 ;11095 ;11155 ;8970 ;9793 ;13626 ;6818 ;13823 ;3601 ;9778 ;7291 ;10081 ;8344 ;8051 ;4778 ;4705 ;6436 ;1765 ;3193 ;4265 ;2362 ;3829 ;4090 ;1903 ;1481 ;1524 ;1746 ;1971 ;3057 ;2169 ;0 ;930 ;1196 ;844 ;587 ;413 ;1111 ;371 ;476 ;1090 ;103 ;110 ;40 ;54 ;214 ;112 ;0 ;5 ;0 ;
11 ; ;36023 ;11536 ;34244 ;47589 ;15593 ;37065 ;17109 ;27756 ;24629 ;16663 ;24395 ;15463 ;23541 ;24957 ;5715 ;15954 ;10897 ;12691 ;5591 ;9833 ;10242 ;6833 ;6981 ;1515 ;11145 ;6938 ;7875 ;4398 ;5737 ;6696 ;6423 ;6433 ;744 ;3057 ;1798 ;735 ;3820 ;3557 ;1909 ;1527 ;1584 ;3960 ;2762 ;2000 ;1577 ;0 ;456 ;1646 ;516 ;824 ;236 ;1429 ;343 ;385 ;967 ;141 ;82 ;47 ;124 ;951 ;192 ;0 ;7 ;0 ;
12 ; ;38459 ;46331 ;34206 ;17825 ;30833 ;21962 ;29607 ;12510 ;9066 ;25770 ;17715 ;18744 ;12845 ;11409 ;15157 ;5624 ;12093 ;6342 ;17207 ;14096 ;13200 ;9894 ;10729 ;8637 ;4588 ;6288 ;6726 ;9795 ;7139 ;2723 ;5187 ;5541 ;4875 ;1725 ;9410 ;3689 ;4199 ;3103 ;1186 ;1353 ;2619 ;1248 ;1282 ;2929 ;1385 ;0 ;873 ;365 ;512 ;2308 ;1146 ;1828 ;465 ;472 ;240 ;61 ;75 ;81 ;70 ;67 ;20 ;0 ;2 ;0 ;
13 ; ;33759 ;38011 ;29005 ;26347 ;24550 ;28824 ;27696 ;20730 ;14516 ;21103 ;20241 ;14165 ;14560 ;16154 ;11800 ;10589 ;9750 ;9886 ;13162 ;10581 ;9848 ;9106 ;15118 ;6294 ;7760 ;6899 ;7235 ;8753 ;4808 ;6251 ;5835 ;5453 ;4609 ;3067 ;9623 ;1893 ;5375 ;2810 ;1475 ;1451 ;2170 ;1987 ;1920 ;1981 ;1595 ;0 ;888 ;677 ;562 ;730 ;1651 ;370 ;524 ;819 ;314 ;109 ;68 ;66 ;190 ;103 ;17 ;0 ;3 ;0 ;
14 ; ;37272 ;29515 ;29969 ;30912 ;21643 ;29050 ;23746 ;22233 ;16455 ;26242 ;20889 ;16543 ;12170 ;13092 ;8621 ;10266 ;15738 ;9574 ;12131 ;11215 ;11826 ;8800 ;10498 ;6346 ;10667 ;8918 ;8294 ;7241 ;5894 ;4965 ;6447 ;5129 ;4169 ;2936 ;6456 ;1772 ;3533 ;3254 ;2298 ;2060 ;1851 ;1814 ;1944 ;1911 ;1600 ;0 ;920 ;799 ;411 ;1624 ;776 ;1104 ;474 ;798 ;537 ;148 ;81 ;57 ;142 ;24 ;42 ;0 ;0 ;0 ;
15 ; ;31115 ;38018 ;29430 ;31061 ;21067 ;27312 ;23365 ;21341 ;17014 ;24769 ;18456 ;16824 ;14264 ;14347 ;10314 ;10863 ;12404 ;10428 ;13828 ;11569 ;10696 ;10678 ;8613 ;5032 ;9931 ;7292 ;7164 ;8798 ;7040 ;5814 ;7042 ;4435 ;5670 ;2670 ;3990 ;2838 ;3288 ;3280 ;2087 ;2204 ;1804 ;1899 ;1819 ;5596 ;1766 ;0 ;795 ;551 ;827 ;603 ;721 ;607 ;544 ;477 ;339 ;207 ;79 ;43 ;712 ;53 ;40 ;0 ;3 ;0 ;
 Pearson row correlation matrix ; Weighted Row Average and Dispersion
1 ; ;1 ;0.466764 ;0.197994 ;-0.0505723 ;-0.345764 ;-0.333152 ;-0.386179 ;-0.0334447 ;-0.0287175 ;-0.341911 ;-0.188558 ;0.288507 ;0.21106 ;0.222371 ;-0.00257663 ;
2 ; ;0.466764 ;1 ;0.694518 ;0.155771 ;-0.450481 ;-0.449141 ;-0.459909 ;0.153614 ;-0.0567974 ;-0.429267 ;-0.506222 ;0.481867 ;0.362091 ;-0.0128691 ;0.0688966 ;
3 ; ;0.197994 ;0.694518 ;1 ;0.432938 ;-0.367797 ;-0.455974 ;-0.294089 ;0.272464 ;0.0462481 ;-0.227568 ;-0.573095 ;0.664746 ;0.316289 ;0.0226887 ;0.11214 ;
4 ; ;-0.0505723 ;0.155771 ;0.432938 ;1 ;-0.18286 ;-0.183874 ;-0.208001 ;0.419289 ;0.346905 ;0.296606 ;-0.412746 ;0.517144 ;0.105063 ;-0.161736 ;-0.0488591 ;
5 ; ;-0.345764 ;-0.450481 ;-0.367797 ;-0.18286 ;1 ;0.801674 ;0.642601 ;0.354261 ;0.283626 ;0.544044 ;0.497893 ;-0.357854 ;-0.235509 ;0.130747 ;-0.0433645 ;
6 ; ;-0.333152 ;-0.449141 ;-0.455974 ;-0.183874 ;0.801674 ;1 ;0.617062 ;0.431536 ;0.445086 ;0.377759 ;0.363089 ;-0.32417 ;-0.330281 ;0.12149 ;-0.0407785 ;
7 ; ;-0.386179 ;-0.459909 ;-0.294089 ;-0.208001 ;0.642601 ;0.617062 ;1 ;0.365844 ;0.415359 ;0.462105 ;0.428342 ;-0.295287 ;-0.193527 ;-0.075352 ;0.000900638 ;
8 ; ;-0.0334447 ;0.153614 ;0.272464 ;0.419289 ;0.354261 ;0.431536 ;0.365844 ;1 ;0.650397 ;0.305121 ;-0.208717 ;0.306924 ;-0.0330115 ;0.0525241 ;0.0521605 ;
9 ; ;-0.0287175 ;-0.0567974 ;0.0462481 ;0.346905 ;0.283626 ;0.445086 ;0.415359 ;0.650397 ;1 ;0.422046 ;-0.0785291 ;0.217838 ;-0.0812601 ;0.118805 ;-0.0374602 ;
10 ; ;-0.341911 ;-0.429267 ;-0.227568 ;0.296606 ;0.544044 ;0.377759 ;0.462105 ;0.305121 ;0.422046 ;1 ;0.389361 ;-0.108717 ;-0.115482 ;0.119545 ;-0.119043 ;
11 ; ;-0.188558 ;-0.506222 ;-0.573095 ;-0.412746 ;0.497893 ;0.363089 ;0.428342 ;-0.208717 ;-0.0785291 ;0.389361 ;1 ;-0.681788 ;-0.29936 ;0.124213 ;-0.0634797 ;
12 ; ;0.288507 ;0.481867 ;0.664746 ;0.517144 ;-0.357854 ;-0.32417 ;-0.295287 ;0.306924 ;0.217838 ;-0.108717 ;-0.681788 ;1 ;0.453515 ;0.115882 ;0.0815521 ;
13 ; ;0.21106 ;0.362091 ;0.316289 ;0.105063 ;-0.235509 ;-0.330281 ;-0.193527 ;-0.0330115 ;-0.0812601 ;-0.115482 ;-0.29936 ;0.453515 ;1 ;0.0790964 ;-0.0612203 ;
14 ; ;0.222371 ;-0.0128691 ;0.0226887 ;-0.161736 ;0.130747 ;0.12149 ;-0.075352 ;0.0525241 ;0.118805 ;0.119545 ;0.124213 ;0.115882 ;0.0790964 ;1 ;0.0942446 ;
15 ; ;-0.00257663 ;0.0688966 ;0.11214 ;-0.0488591 ;-0.0433645 ;-0.0407785 ;0.000900638 ;0.0521605 ;-0.0374602 ;-0.119043 ;-0.0634797 ;0.0815521 ;-0.0612203 ;0.0942446 ;1 ;
