NATIVE :Refined zFP factors; Weighted Row Average and Dispersion
Codon_Index: ; ; 1; 2; 3; 4; 5; 6; 7; 8; 9; 10; 11; 12; 13; 14; 15; 16; 17; 18; 19; 20; 21; 22; 23; 24; 25; 26; 27; 28; 29; 30; 31; 32; 33; 34; 35; 36; 37; 38; 39; 40; 41; 42; 43; 44; 45; 46; 47; 48; 49; 50; 51; 52; 53; 54; 55; 56; 57; 58; 59; 60; 61; 62; 63; 64; 
Number: ; ; 0.060081; 0.061011; 0.0539883; 0.0538078; 0.0425482; 0.045634; 0.0440287; 0.0412148; 0.0345511; 0.0395935; 0.0349245; 0.0264904; 0.0258713; 0.029012; 0.0252797; 0.0219755; 0.0222977; 0.019635; 0.0258748; 0.0228559; 0.0210902; 0.0195908; 0.0210782; 0.0134463; 0.0168072; 0.0138378; 0.0140081; 0.015667; 0.012924; 0.00879395; 0.0130091; 0.0109902; 0.00872825; 0.00632686; 0.00871102; 0.00594857; 0.00670001; 0.0078534; 0.00344085; 0.00290035; 0.00441743; 0.00402411; 0.00452432; 0.00415982; 0.00365976; 0; 0.00217764; 0.00160975; 0.00223763; 0.00191245; 0.00239121; 0.00131997; 0.00148162; 0.00109179; 0.000843842; 0.000315682; 0.000302857; 0.000173365; 0.000445449; 0.000262796; 0.000241191; 0; 1.66274e-05; 0; 
AA_name:  ; ;CUG_Leu_L_tL1_CAG ;AAA_Lys_K_tK1_SUU ;GAA_Glu_E_tE2_SUC ;GGU_Gly_G_tG3_GCC ;AUC_Ile_I_tI1_GAU ;GCU_Ala_A_tA2_GGC ;GUU_Val_V_tV2_GAC ;CGU_Arg_R_tR2_ICG ;GGC_Gly_G_tG3_GCC ;AAC_Asn_N_tN1_GUU ;GAC_Asp_D_tD1_QUC ;CAG_Gln_Q_tQ2_CUG ;ACC_Thr_T_tT3_GGU ;GCA_Ala_A_tA1_VGC ;AUG_Met_M_tM1_CAU ;CCG_Pro_P_tP1_CGG ;GAU_Asp_D_tD1_QUC ;GCG_Ala_A_tA1_VGC ;UUC_Phe_F_tF1_GAA ;ACU_Thr_T_tT3_GGU ;GUA_Val_V_tV1_VAC ;UCU_Ser_S_tS5_GGA ;UAC_Tyr_Y_tY1_QUA ;AUU_Ile_I_tI1_GAU ;CGC_Arg_R_tR2_ICG ;GUG_Val_V_tV1_VAC ;GAG_Glu_E_tE2_SUC ;AAG_Lys_K_tK1_SUU ;CAC_His_H_tH1_QUG ;GCC_Ala_A_tA2_GGC ;UCC_Ser_S_tS5_GGA ;AGC_Ser_S_tS3_GCU ;UUU_Phe_F_tF1_GAA ;GUC_Val_V_tV2_GAC ;UAU_Tyr_Y_tY1_QUA ;AAU_Asn_N_tN1_GUU ;UGG_Trp_W_tW1_CCA ;CAA_Gln_Q_tQ1_SUG ;ACG_Thr_T_tT2_CGU ;CUC_Leu_L_tL2_GAG ;CAU_His_H_tH1_QUG ;CCA_Pro_P_tP3_VGG ;CCU_Pro_P_tP2_GGG ;CUU_Leu_L_tL2_GAG ;UGC_Cys_C_tC1_GCA ;UAA_Ohr_O_rF1 ;UUG_Leu_L_tL5_CAA ;GGG_Gly_G_tG1_CCC ;ACA_Thr_T_tT4_UGU ;AGU_Ser_S_tS3_GCU ;UUA_Leu_L_tL4_UAA ;UCA_Ser_S_tS1_VGA ;UGU_Cys_C_tC1_GCA ;UCG_Ser_S_tS2_CGA ;GGA_Gly_G_tG2_UCC ;CCC_Pro_P_tP2_GGG ;CUA_Leu_L_tL3_UAG ;AUA_Ile_I_tI2_LAU ;AGA_Arg_R_tR4_MCU ;CGG_Arg_R_tR3_CCG ;CGA_Arg_R_tR2_ICG ;UGA_Opa_O_rf2 ;AGG_Arg_R_tR5_CCU ;UAG_Amb_A_rF1 ;
Cod_name: ; Aver ; Sigma CUG_L ;AAA_L ;GAA_G ;GGU_G ;AUC_I ;GCU_A ;GUU_V ;CGU_A ;GGC_G ;AAC_A ;GAC_A ;CAG_G ;ACC_T ;GCA_A ;AUG_M ;CCG_P ;GAU_A ;GCG_A ;UUC_P ;ACU_T ;GUA_V ;UCU_S ;UAC_T ;AUU_I ;CGC_A ;GUG_V ;GAG_G ;AAG_L ;CAC_H ;GCC_A ;UCC_S ;AGC_S ;UUU_P ;GUC_V ;UAU_T ;AAU_A ;UGG_T ;CAA_G ;ACG_T ;CUC_L ;CAU_H ;CCA_P ;CCU_P ;CUU_L ;UGC_C ;UAA_O ;UUG_L ;GGG_G ;ACA_T ;AGU_S ;UUA_L ;UCA_S ;UGU_C ;UCG_S ;GGA_G ;CCC_P ;CUA_L ;AUA_I ;AGA_A ;CGG_A ;CGA_A ;UGA_O ;AGG_A ;UAG_A ;
1 ;1.0012 ;0.121757 ;0.969275 ;1.10987 ;1.08223 ;0.998092 ;1.10091 ;1.00961 ;1.14508 ;1.03821 ;0.74365 ;0.992612 ;0.879478 ;0.848888 ;0.963322 ;0.809762 ;0.964459 ;1.03926 ;1.19284 ;0.852329 ;0.984662 ;0.982003 ;0.95392 ;1.08849 ;0.942319 ;1.25672 ;0.789578 ;1.04153 ;0.910209 ;1.00847 ;0.974373 ;0.958318 ;0.962714 ;1.00393 ;1.17585 ;0.990009 ;1.04641 ;0.945394 ;0.79589 ;1.16074 ;1.06343 ;1.02355 ;0.998285 ;1.33415 ;0.905766 ;0.92316 ;0.943113 ;0 ;0.870613 ;0.932099 ;0.867648 ;1.29655 ;1.97876 ;1.01495 ;1.35433 ;1.22607 ;0.913433 ;0.986432 ;0.505321 ;1.66061 ;0.630059 ;0.896177 ;0.874023 ;0 ;2.15253 ;0 ;
2 ;1.0012 ;0.272563 ;0.793206 ;1.28531 ;1.16079 ;0.692762 ;1.21109 ;0.941992 ;1.29446 ;1.09137 ;0.467759 ;1.06525 ;0.866983 ;0.689502 ;0.903075 ;0.841355 ;1.04962 ;0.717507 ;1.13091 ;0.641824 ;1.15657 ;1.09714 ;1.39353 ;1.34727 ;1.09286 ;1.19249 ;0.660497 ;0.852798 ;0.752606 ;1.00417 ;0.904419 ;0.776437 ;0.955492 ;0.950545 ;1.5204 ;1.10381 ;1.52045 ;0.899618 ;0.546782 ;1.10742 ;0.697808 ;1.1292 ;1.86245 ;0.928829 ;1.33871 ;1.34886 ;0.728814 ;0 ;0.836235 ;0.22557 ;0.810177 ;0.786704 ;3.05903 ;1.70963 ;1.21675 ;1.402 ;0.844265 ;1.42988 ;0.870966 ;2.28136 ;1.1363 ;0.337779 ;0.452348 ;0 ;0.20356 ;0 ;
3 ;1.0012 ;0.344457 ;0.798185 ;1.53947 ;1.06784 ;0.415026 ;1.19157 ;0.884232 ;1.12174 ;0.792935 ;0.329692 ;1.2159 ;1.00375 ;0.810843 ;0.874269 ;1.16456 ;1.06334 ;0.660286 ;1.23683 ;0.551325 ;1.07777 ;1.14764 ;1.39593 ;1.50146 ;1.26955 ;1.55795 ;0.647771 ;0.748305 ;0.44716 ;1.0225 ;1.17583 ;0.585999 ;1.23611 ;0.928819 ;1.20211 ;0.969531 ;1.71962 ;1.68966 ;0.362881 ;1.51667 ;0.658241 ;1.23915 ;0.954606 ;0.904112 ;1.03224 ;1.51253 ;0.968222 ;0 ;1.32069 ;0.102069 ;1.0629 ;1.21656 ;2.01749 ;1.83778 ;1.06519 ;1.38566 ;0.540444 ;0.687933 ;0.656932 ;4.83695 ;1.10768 ;0.33615 ;0.462962 ;0 ;0.331808 ;0 ;
4 ;1.0012 ;0.374785 ;0.977143 ;1.15538 ;0.918579 ;0.40819 ;1.40151 ;0.604969 ;0.58356 ;0.649985 ;0.588111 ;1.5892 ;1.25049 ;1.06654 ;1.50306 ;0.685381 ;2.05619 ;0.86471 ;1.04235 ;0.860695 ;0.886772 ;1.36801 ;1.04712 ;1.00337 ;1.36985 ;1.03904 ;0.777392 ;0.952014 ;0.786456 ;1.91205 ;1.41337 ;0.64523 ;0.829321 ;1.46909 ;0.596118 ;0.753703 ;1.03534 ;1.45194 ;1.01775 ;0.949281 ;1.75597 ;1.20163 ;0.94455 ;0.544605 ;0.398704 ;0.872791 ;1.10802 ;0 ;1.49718 ;0.170517 ;1.49884 ;1.55689 ;0.79077 ;1.44885 ;0.75429 ;1.25977 ;0.757131 ;0.320847 ;0.792468 ;2.39996 ;1.81674 ;0.519816 ;1.17749 ;0 ;1.69623 ;0 ;
5 ;1.0012 ;0.290369 ;1.0876 ;1.04085 ;1.24294 ;1.17471 ;0.606956 ;0.863604 ;0.561937 ;1.17729 ;1.45349 ;1.03991 ;1.41068 ;1.016 ;0.951552 ;1.20717 ;0.757772 ;1.22399 ;1.09902 ;1.16257 ;0.461334 ;0.90093 ;1.1381 ;0.602272 ;0.737474 ;0.416508 ;1.18644 ;1.10467 ;1.6916 ;1.21268 ;1.2901 ;0.843359 ;0.664253 ;0.749386 ;0.272523 ;0.67065 ;0.776667 ;0.746488 ;1.26981 ;0.96296 ;0.724287 ;0.80709 ;1.05153 ;0.899915 ;0.628786 ;0.726049 ;0.58873 ;0 ;0.625834 ;0.985438 ;0.982252 ;1.09251 ;0.526909 ;0.937823 ;0.604536 ;0.879271 ;3.06888 ;0.529911 ;0.36135 ;0.797475 ;0.942281 ;3.60733 ;1.17087 ;0 ;0.626392 ;0 ;
6 ;1.0012 ;0.287052 ;0.944365 ;1.11001 ;1.17692 ;1.40801 ;0.771625 ;0.793903 ;0.637404 ;1.08032 ;1.49592 ;0.98591 ;1.39919 ;1.07888 ;0.912893 ;1.03036 ;0.845277 ;0.904188 ;1.38963 ;0.998633 ;0.56883 ;1.00499 ;0.941942 ;0.630484 ;0.634711 ;0.701 ;0.852054 ;1.02908 ;1.79347 ;1.40645 ;0.879928 ;0.636762 ;0.784933 ;0.750432 ;0.363602 ;0.681427 ;0.832653 ;0.79028 ;1.22551 ;1.36237 ;0.745477 ;0.821954 ;0.877576 ;0.802079 ;0.684069 ;0.559732 ;0.730381 ;0 ;0.755149 ;2.28572 ;0.914015 ;0.548183 ;0.684362 ;0.630839 ;0.897084 ;0.576306 ;2.84003 ;0.471221 ;1.58239 ;0.637371 ;1.88674 ;2.08288 ;1.10179 ;0 ;0.886918 ;0 ;
7 ;1.0012 ;0.25468 ;1.04912 ;1.10722 ;1.08537 ;1.26256 ;0.758285 ;1.12984 ;0.648145 ;0.88964 ;1.35448 ;0.796263 ;1.16893 ;1.2014 ;0.711277 ;1.38454 ;0.899631 ;1.23815 ;1.1599 ;1.23856 ;0.616236 ;0.868159 ;1.23094 ;0.702819 ;0.717146 ;0.6948 ;0.82792 ;1.1682 ;1.36773 ;1.51638 ;0.77957 ;0.789936 ;0.628581 ;0.904976 ;0.363565 ;0.538587 ;0.637152 ;0.860688 ;1.16119 ;0.852462 ;1.23856 ;0.694603 ;0.769271 ;1.34337 ;0.819273 ;0.748142 ;0.923872 ;0 ;0.830841 ;2.37664 ;0.590113 ;0.869246 ;0.762659 ;0.913617 ;1.05573 ;1.16296 ;2.02412 ;0.355191 ;0.83339 ;2.46502 ;1.38264 ;1.29278 ;1.06956 ;0 ;0 ;0 ;
-8 ;1.0012 ;0.296992 ;0.867737 ;1.49148 ;1.26242 ;0.806159 ;0.831905 ;0.926181 ;0.618195 ;0.677703 ;0.925358 ;1.43093 ;1.52354 ;0.981225 ;0.956559 ;1.08803 ;1.16487 ;1.03598 ;1.35498 ;1.10546 ;0.519319 ;1.06747 ;1.19312 ;0.752116 ;0.897975 ;0.904786 ;0.783803 ;0.999987 ;1.44303 ;1.62767 ;0.685093 ;0.642525 ;0.513966 ;0.950312 ;0.329202 ;0.721536 ;0.779253 ;1.31602 ;0.795489 ;1.06728 ;0.810157 ;0.623082 ;1.05032 ;0.977172 ;0.869484 ;0.620341 ;0.650358 ;0 ;0.752517 ;1.28977 ;1.15106 ;0.626052 ;1.10002 ;0.787944 ;0.739026 ;0.595632 ;1.58708 ;0.226965 ;0.469898 ;2.18469 ;1.90954 ;1.57193 ;1.28825 ;0 ;0.422303 ;0 ;
9 ;1.0012 ;0.178988 ;1.14309 ;1.04977 ;1.03035 ;0.923475 ;0.984734 ;1.04175 ;0.675649 ;0.903416 ;0.967357 ;1.21714 ;1.1636 ;1.14971 ;1.05583 ;0.896476 ;1.30339 ;0.872446 ;1.22903 ;1.04782 ;0.723377 ;1.12202 ;0.999234 ;0.863194 ;0.862417 ;0.990133 ;0.867181 ;1.07578 ;1.10433 ;1.35047 ;0.882217 ;0.643547 ;0.644691 ;0.981131 ;0.477469 ;0.938548 ;1.10189 ;1.71425 ;0.85976 ;1.10776 ;0.963815 ;1.20257 ;1.21067 ;0.765834 ;1.23908 ;0.768018 ;0.780647 ;0 ;1.08801 ;0.578895 ;1.01974 ;0.657721 ;0.821993 ;0.507816 ;1.36562 ;0.790213 ;2.24756 ;0.242957 ;1.35466 ;1.10928 ;0.731057 ;1.50402 ;0.616475 ;0 ;1.34448 ;0 ;
10 ;1.0012 ;0.233299 ;1.1781 ;0.820534 ;1.10488 ;0.943995 ;0.868709 ;0.910705 ;0.559483 ;0.925298 ;1.16132 ;1.23052 ;1.44475 ;1.37944 ;1.1252 ;1.09461 ;1.0541 ;1.21127 ;0.925262 ;1.03763 ;0.642028 ;0.768717 ;1.08115 ;0.640553 ;1.17293 ;0.576152 ;0.964576 ;0.977593 ;1.4874 ;1.11518 ;1.27756 ;0.995021 ;0.698818 ;1.1285 ;0.37842 ;0.869954 ;0.950695 ;0.90224 ;1.08481 ;1.04315 ;1.02392 ;0.814219 ;0.720981 ;1.10516 ;0.697455 ;0.902779 ;1.21982 ;0 ;0.933026 ;1.70579 ;0.985902 ;0.569953 ;0.595186 ;0.734308 ;0.463314 ;1.13385 ;1.64288 ;0.548407 ;0.990093 ;0.695607 ;0.369556 ;2.01808 ;0.426978 ;0 ;0.75859 ;0 ;
11 ;1.0012 ;0.401708 ;1.04397 ;0.384593 ;1.05405 ;1.55888 ;0.675302 ;1.43749 ;0.702445 ;1.36646 ;1.51664 ;0.793818 ;1.31227 ;1.09604 ;1.54261 ;1.54285 ;0.490127 ;1.37886 ;0.864878 ;1.25728 ;0.348471 ;0.865512 ;0.951243 ;0.650138 ;0.6065 ;0.254424 ;1.15768 ;0.814092 ;1.05813 ;0.578168 ;0.876235 ;1.56329 ;0.97623 ;1.00675 ;0.191816 ;0.978843 ;0.44715 ;0.366181 ;0.848426 ;0.988958 ;1.11099 ;0.865753 ;0.690612 ;2.13195 ;1.16066 ;0.856766 ;0.82358 ;0 ;0.51598 ;1.89463 ;0.554451 ;0.763931 ;0.301312 ;1.15619 ;0.411548 ;0.659567 ;1.54128 ;0.719674 ;1.20895 ;0.482971 ;0.584247 ;5.93205 ;0.722381 ;0 ;0.664899 ;0 ;
12 ;1.0012 ;0.292623 ;1.0436 ;1.50761 ;1.09443 ;0.644359 ;1.22622 ;0.795471 ;1.10023 ;0.595433 ;0.565902 ;1.3075 ;0.956853 ;1.23353 ;0.960183 ;0.75417 ;1.29928 ;0.554956 ;1.0822 ;0.601229 ;1.11114 ;1.13157 ;1.15588 ;0.909633 ;1.01358 ;1.33393 ;0.507525 ;0.861182 ;0.934063 ;1.3048 ;1.17344 ;0.615455 ;0.811561 ;1.0016 ;1.37339 ;0.648793 ;1.89268 ;1.66389 ;0.871496 ;1.14124 ;0.707478 ;1.05967 ;1.02862 ;0.692622 ;0.614238 ;1.54163 ;0.601866 ;0 ;1.06814 ;0.691076 ;0.96469 ;1.71366 ;1.18729 ;1.79286 ;0.656431 ;0.964529 ;0.567237 ;0.376042 ;1.0882 ;0.708766 ;0.54799 ;0.4541 ;0.491501 ;0 ;0.127726 ;0 ;
13 ;1.0012 ;0.119155 ;1.02855 ;1.208 ;1.0605 ;0.910408 ;1.09845 ;1.06446 ;1.00639 ;0.961086 ;0.813302 ;1.06136 ;0.995656 ;1.00668 ;0.946166 ;0.983193 ;1.19545 ;0.92252 ;0.895569 ;0.89678 ;1.01174 ;0.917328 ;0.925467 ;0.976862 ;1.08938 ;1.04828 ;0.780627 ;0.970031 ;0.969379 ;1.11467 ;0.793485 ;0.849824 ;0.864737 ;0.845601 ;0.910536 ;0.965014 ;1.4824 ;1.03786 ;1.26669 ;0.858573 ;0.674519 ;0.960931 ;0.972212 ;1.03829 ;0.820392 ;1.22203 ;0.9112 ;0 ;0.95782 ;0.856925 ;0.790098 ;1.09358 ;1.46162 ;0.664165 ;0.833946 ;1.42043 ;0.658365 ;0.55829 ;0.812418 ;1.07397 ;0.595345 ;1.23692 ;0.646979 ;0 ;0.448242 ;0 ;
14 ;1.0012 ;0.103628 ;1.08518 ;1.00843 ;1.03453 ;0.997273 ;0.944653 ;1.10141 ;0.969244 ;0.964318 ;0.932751 ;1.15468 ;1.05396 ;1.03878 ;0.905738 ;0.935654 ;0.973269 ;0.865947 ;1.27516 ;0.91731 ;0.872194 ;0.983241 ;1.04734 ;0.874006 ;0.865322 ;1.07391 ;1.05136 ;1.10179 ;0.974156 ;1.02462 ;0.904538 ;0.956913 ;0.887489 ;0.939791 ;0.843504 ;0.783867 ;1.25264 ;0.759857 ;0.93132 ;0.976167 ;0.995274 ;1.17865 ;0.991336 ;0.990883 ;1.23155 ;1.06174 ;0.983805 ;0 ;1.0307 ;1.00029 ;0.499509 ;1.88006 ;0.893988 ;1.15545 ;0.649021 ;1.08904 ;0.97011 ;0.582024 ;1.10509 ;0.897566 ;1.03573 ;0.48307 ;0.808398 ;0 ;0 ;0 ;
15 ;1.0012 ;0.0848901 ;0.918116 ;0.993806 ;1.02618 ;1.04877 ;0.956998 ;1.00083 ;1.00646 ;1.00851 ;0.91126 ;1.15955 ;0.917858 ;1.08928 ;0.991222 ;0.954639 ;0.998263 ;0.971452 ;1.13646 ;0.972097 ;1.00659 ;1.01556 ;0.992876 ;1.15768 ;0.871141 ;0.9736 ;0.989764 ;0.910253 ;0.952086 ;1.03222 ;1.03006 ;1.01493 ;1.04768 ;0.838109 ;1.17818 ;0.947651 ;1.12731 ;1.07859 ;0.922022 ;0.822275 ;0.944431 ;1.13354 ;0.993911 ;1.09981 ;1.24923 ;1.46535 ;0.974107 ;0 ;0.722435 ;1.01353 ;0.872648 ;1.07877 ;0.905115 ;0.900075 ;0.724154 ;0.7886 ;0.680302 ;0.915497 ;1.43171 ;1.0383 ;2.32193 ;0.700992 ;0.460039 ;0 ;0.48276 ;0 ;
colAver:   ; ;0.995341 ;1.12208 ;1.09329 ;0.946538 ;0.97587 ;0.969151 ;0.841839 ;0.941609 ;0.950257 ;1.13623 ;1.15817 ;1.04792 ;1.02006 ;1.02493 ;1.07199 ;0.964904 ;1.13435 ;0.943358 ;0.798692 ;1.0173 ;1.09787 ;0.914594 ;0.942537 ;0.940388 ;0.856368 ;0.974044 ;1.11129 ;1.2149 ;1.00203 ;0.835409 ;0.832961 ;0.962495 ;0.746386 ;0.836983 ;1.10718 ;1.08444 ;0.932284 ;1.06834 ;0.939625 ;0.982736 ;1.0112 ;1.03558 ;0.90653 ;1.01024 ;0.862682 ;0 ;0.92248 ;1.07392 ;0.916806 ;1.04699 ;1.18882 ;1.08183 ;0.852578 ;1.0231 ;1.39237 ;0.60375 ;0.896001 ;1.74033 ;1.11277 ;1.52724 ;0.784134 ;0 ;0.682693 ;0 ;
colSigma:   ; ;0.111283 ;0.278504 ;0.0849292 ;0.316946 ;0.220174 ;0.182532 ;0.246089 ;0.198924 ;0.368029 ;0.206591 ;0.214425 ;0.165235 ;0.215108 ;0.225124 ;0.328088 ;0.222496 ;0.151424 ;0.209966 ;0.251864 ;0.142924 ;0.149428 ;0.262672 ;0.217054 ;0.342963 ;0.181318 ;0.114732 ;0.358539 ;0.307442 ;0.207554 ;0.244199 ;0.181093 ;0.164998 ;0.435719 ;0.158126 ;0.39217 ;0.385217 ;0.24682 ;0.185448 ;0.277116 ;0.194863 ;0.267792 ;0.357028 ;0.274544 ;0.319253 ;0.176845 ;0 ;0.249615 ;0.696487 ;0.24436 ;0.404045 ;0.735956 ;0.41909 ;0.289631 ;0.28468 ;0.807167 ;0.308559 ;0.34893 ;1.20601 ;0.55537 ;1.44777 ;0.300492 ;0 ;0.612954 ;0 ;
Effective Number of Codons Used= Codon Weights
1 ; ;0.060081 ;0.061011 ;0.0539883 ;0.0538078 ;0.0425482 ;0.045634 ;0.0440287 ;0.0412148 ;0.0345511 ;0.0395935 ;0.0349245 ;0.0264904 ;0.0258713 ;0.029012 ;0.0252797 ;0.0219755 ;0.0222977 ;0.019635 ;0.0258748 ;0.0228559 ;0.0210902 ;0.0195908 ;0.0210782 ;0.0134463 ;0.0168072 ;0.0138378 ;0.0140081 ;0.015667 ;0.012924 ;0.00879395 ;0.0130091 ;0.0109902 ;0.00872825 ;0.00632686 ;0.00871102 ;0.00594857 ;0.00670001 ;0.0078534 ;0.00344085 ;0.00290035 ;0.00441743 ;0.00402411 ;0.00452432 ;0.00415982 ;0.00365976 ;0 ;0.00217764 ;0.00160975 ;0.00223763 ;0.00191245 ;0.00239121 ;0.00131997 ;0.00148162 ;0.00109179 ;0.000843842 ;0.000315682 ;0.000302857 ;0.000173365 ;0.000445449 ;0.000262796 ;0.000241191 ;0 ;1.66274e-05 ;0 ;
2 ; ;0.0602884 ;0.0616995 ;0.0541675 ;0.0544306 ;0.0427207 ;0.0461806 ;0.0442767 ;0.0413964 ;0.0347182 ;0.0398319 ;0.0350306 ;0.0265954 ;0.0259946 ;0.0291707 ;0.0196359 ;0.0222716 ;0.0226157 ;0.019842 ;0.0259004 ;0.0230136 ;0.0211152 ;0.0196183 ;0.0211659 ;0.013436 ;0.0168876 ;0.0137492 ;0.0142386 ;0.0158596 ;0.012924 ;0.00879395 ;0.0130091 ;0.0112697 ;0.00872825 ;0.00638155 ;0.00871102 ;0.00594857 ;0.00670001 ;0.00786642 ;0.00346045 ;0.00290035 ;0.00441743 ;0.00404116 ;0.00452432 ;0.00415982 ;0.00366808 ;0 ;0.00213467 ;0.00160975 ;0.00223763 ;0.00191245 ;0.00239121 ;0.00131997 ;0.00148162 ;0.00109179 ;0.000843842 ;0.000315682 ;0.000302857 ;0.000173365 ;0.000445449 ;0.000262796 ;0.000241191 ;0 ;1.66274e-05 ;0 ;
3 ; ;0.0605812 ;0.0615081 ;0.0542488 ;0.0543553 ;0.0427047 ;0.0455428 ;0.0445555 ;0.0415994 ;0.0353047 ;0.0401914 ;0.0352507 ;0.0267256 ;0.02593 ;0.0286959 ;0.0193931 ;0.022198 ;0.0226241 ;0.0198297 ;0.0260255 ;0.0229513 ;0.021077 ;0.0192823 ;0.0211759 ;0.0133384 ;0.0170683 ;0.0137734 ;0.014359 ;0.0160076 ;0.0129937 ;0.00884711 ;0.01281 ;0.0109541 ;0.00864444 ;0.00638155 ;0.00875397 ;0.00585912 ;0.00670001 ;0.00773568 ;0.00346067 ;0.00290035 ;0.00447167 ;0.00386776 ;0.00457504 ;0.00415982 ;0.00369515 ;0 ;0.00213467 ;0.00160975 ;0.00228267 ;0.00193388 ;0.00229056 ;0.00163816 ;0.00148162 ;0.00107234 ;0.000843842 ;0.000315682 ;0.000302857 ;0.000173365 ;0.000445449 ;0.000255546 ;0.000232035 ;0 ;1.66274e-05 ;0 ;
4 ; ;0.060823 ;0.0612067 ;0.0541027 ;0.0542156 ;0.0425159 ;0.0461275 ;0.0445877 ;0.041481 ;0.035305 ;0.0402668 ;0.0357361 ;0.0272072 ;0.0261061 ;0.0288172 ;0.0193416 ;0.0224024 ;0.0225683 ;0.019693 ;0.0261136 ;0.022663 ;0.0209737 ;0.0192823 ;0.0213006 ;0.0134119 ;0.0172583 ;0.0137734 ;0.0143553 ;0.0151752 ;0.0129422 ;0.00885761 ;0.0128242 ;0.0109585 ;0.00867559 ;0.00645081 ;0.00876793 ;0.00579869 ;0.0069095 ;0.00768799 ;0.00344471 ;0.00290035 ;0.00434374 ;0.00386776 ;0.00458512 ;0.00413255 ;0.00369515 ;0 ;0.00207835 ;0.00160975 ;0.00218942 ;0.001894 ;0.00210408 ;0.0016175 ;0.00152096 ;0.00107234 ;0.000858485 ;0.000315682 ;0.000218643 ;0.000173365 ;0.000382035 ;0.000255546 ;0.000178621 ;0 ;1.44983e-05 ;0 ;
5 ; ;0.0611898 ;0.0608938 ;0.054051 ;0.0545369 ;0.04227 ;0.0467532 ;0.0444809 ;0.0418348 ;0.0354922 ;0.0404542 ;0.0361957 ;0.0273834 ;0.0263032 ;0.0287795 ;0.019472 ;0.0224841 ;0.0226367 ;0.0197012 ;0.0262644 ;0.0221417 ;0.0208448 ;0.0191033 ;0.0212657 ;0.0128468 ;0.0168754 ;0.0137836 ;0.0143553 ;0.0151432 ;0.0130119 ;0.00887415 ;0.0129871 ;0.0110549 ;0.00858941 ;0.00640793 ;0.00866406 ;0.00562308 ;0.00690177 ;0.00742454 ;0.00356889 ;0.0029018 ;0.00434374 ;0.00378989 ;0.00457597 ;0.00409456 ;0.00369515 ;0 ;0.00207622 ;0.00160144 ;0.00208903 ;0.00180978 ;0.00203749 ;0.00158214 ;0.00152096 ;0.00107234 ;0.000826553 ;0.000315682 ;0.000218643 ;0.000110024 ;0.000382035 ;0.000255546 ;0.000178621 ;0 ;1.44983e-05 ;0 ;
6 ; ;0.0617218 ;0.0601641 ;0.0540811 ;0.0547954 ;0.0421493 ;0.0469977 ;0.0445616 ;0.0418355 ;0.0358129 ;0.0404871 ;0.0363739 ;0.0275069 ;0.0266275 ;0.0288854 ;0.0192518 ;0.0225025 ;0.0227916 ;0.0199876 ;0.0261826 ;0.0221343 ;0.0206304 ;0.0190849 ;0.0213628 ;0.0125271 ;0.01695 ;0.0137381 ;0.014327 ;0.0150201 ;0.013109 ;0.00903214 ;0.013014 ;0.0110891 ;0.00844155 ;0.00640337 ;0.00863979 ;0.00522222 ;0.00690177 ;0.00727247 ;0.00361081 ;0.00288419 ;0.00427786 ;0.0037087 ;0.00464619 ;0.0039955 ;0.00364173 ;0 ;0.00199287 ;0.00160144 ;0.00197148 ;0.0018759 ;0.00199277 ;0.00152083 ;0.00152096 ;0.00107234 ;0.000815112 ;0.000315682 ;0.000200241 ;0.000110024 ;0.000316959 ;0.000255546 ;0.000178621 ;0 ;1.44983e-05 ;0 ;
7 ; ;0.0617708 ;0.0600768 ;0.0543936 ;0.054705 ;0.0421102 ;0.0470362 ;0.0452432 ;0.0415182 ;0.0358909 ;0.0404682 ;0.0366737 ;0.0275411 ;0.026545 ;0.028875 ;0.0190911 ;0.0228143 ;0.0227266 ;0.0201243 ;0.0262795 ;0.0219405 ;0.0204752 ;0.0190927 ;0.0213727 ;0.0121805 ;0.0169655 ;0.0138225 ;0.014327 ;0.0150916 ;0.0131567 ;0.00906185 ;0.0130983 ;0.0110953 ;0.00845382 ;0.0063069 ;0.00863979 ;0.00521284 ;0.0070023 ;0.0069725 ;0.00361977 ;0.00295 ;0.00418597 ;0.00366761 ;0.00464406 ;0.00391777 ;0.00364173 ;0 ;0.00193162 ;0.00160144 ;0.00192645 ;0.00182958 ;0.00188596 ;0.00150672 ;0.00147161 ;0.00107234 ;0.000815112 ;0.000258601 ;0.000200241 ;0.000110024 ;0.000316959 ;0.000255546 ;0.000160855 ;0 ;1.44983e-05 ;0 ;
8 ; ;0.0614334 ;0.0597649 ;0.0544921 ;0.0544502 ;0.0422123 ;0.0478838 ;0.0451204 ;0.0413391 ;0.0358878 ;0.0409346 ;0.0366649 ;0.0276524 ;0.0265837 ;0.0290346 ;0.0190861 ;0.0228202 ;0.0227562 ;0.0200946 ;0.0263293 ;0.0218642 ;0.0202302 ;0.0191288 ;0.0212444 ;0.0119431 ;0.0170023 ;0.0139728 ;0.0142859 ;0.0152525 ;0.0131292 ;0.00918587 ;0.0132355 ;0.0110953 ;0.00846132 ;0.00629273 ;0.00872858 ;0.00516213 ;0.0070023 ;0.00663364 ;0.00361977 ;0.00303782 ;0.00413432 ;0.00370409 ;0.00447608 ;0.00386623 ;0.00366452 ;0 ;0.00193162 ;0.00160144 ;0.0018394 ;0.00176838 ;0.00192648 ;0.00150672 ;0.00147161 ;0.00107234 ;0.000807862 ;0.000258601 ;0.000200241 ;0.000110024 ;0.000316959 ;0.000255546 ;0.000160855 ;0 ;1.44983e-05 ;0 ;
9 ; ;0.0608075 ;0.0597035 ;0.0546529 ;0.0543473 ;0.0418991 ;0.0483055 ;0.0450979 ;0.0415299 ;0.036119 ;0.0409215 ;0.0367877 ;0.0276709 ;0.0266321 ;0.0287603 ;0.0194431 ;0.0228231 ;0.0226614 ;0.0199632 ;0.0265847 ;0.0217101 ;0.0201207 ;0.0191844 ;0.0213693 ;0.0118455 ;0.0169112 ;0.0143185 ;0.0143689 ;0.0151287 ;0.0131938 ;0.00925035 ;0.0132278 ;0.0110918 ;0.00856848 ;0.00629273 ;0.00867138 ;0.00507319 ;0.0070023 ;0.00673689 ;0.00359868 ;0.00298719 ;0.00413432 ;0.00355802 ;0.00447608 ;0.00379023 ;0.0036601 ;0 ;0.00193162 ;0.00160144 ;0.00175519 ;0.00178139 ;0.00190979 ;0.001449 ;0.00147161 ;0.00107234 ;0.000807862 ;0.000324713 ;0.000200241 ;0.000102774 ;0.000316959 ;0.000255546 ;0.000160855 ;0 ;1.44983e-05 ;0 ;
10 ; ;0.0610436 ;0.0598759 ;0.0547647 ;0.0546717 ;0.0421739 ;0.0488613 ;0.0452807 ;0.0413997 ;0.0357891 ;0.0408945 ;0.0368064 ;0.027684 ;0.026571 ;0.0287555 ;0.0193877 ;0.0230158 ;0.0227532 ;0.0201712 ;0.0265692 ;0.021614 ;0.0200591 ;0.0191742 ;0.0213841 ;0.0117583 ;0.0169459 ;0.0140708 ;0.0144124 ;0.0147016 ;0.0131212 ;0.00921233 ;0.0131524 ;0.0111826 ;0.00847429 ;0.00619314 ;0.00867138 ;0.00506401 ;0.0070023 ;0.00639059 ;0.00356573 ;0.00295127 ;0.00410012 ;0.00355802 ;0.00443223 ;0.00380325 ;0.0036601 ;0 ;0.00194549 ;0.00157253 ;0.00168532 ;0.00178139 ;0.00190979 ;0.00143849 ;0.00147161 ;0.00106616 ;0.000804333 ;0.000324713 ;0.000163762 ;0.000102774 ;0.000316959 ;0.000253417 ;0.000160855 ;0 ;1.44983e-05 ;0 ;
11 ; ;0.0609819 ;0.0595624 ;0.0546947 ;0.0544701 ;0.0423712 ;0.0488766 ;0.0453902 ;0.0412345 ;0.0356527 ;0.0412448 ;0.0368375 ;0.0278201 ;0.0264405 ;0.0287678 ;0.0194609 ;0.0229971 ;0.0226825 ;0.0198718 ;0.0267687 ;0.0221742 ;0.0201328 ;0.0191171 ;0.0213276 ;0.0116319 ;0.0170508 ;0.0139577 ;0.0146344 ;0.0146018 ;0.0131212 ;0.00919535 ;0.0131524 ;0.0113026 ;0.0084254 ;0.00613244 ;0.00865777 ;0.00506401 ;0.00688704 ;0.00637946 ;0.00356573 ;0.0028642 ;0.00410012 ;0.00361407 ;0.00434956 ;0.00381906 ;0.00373171 ;0 ;0.00199909 ;0.00164484 ;0.0015933 ;0.00178139 ;0.00190626 ;0.00143849 ;0.00147161 ;0.00105784 ;0.000790466 ;0.000324713 ;0.000163762 ;0.000102774 ;0.000316959 ;0.000253417 ;0.000160855 ;0 ;1.44983e-05 ;0 ;
12 ; ;0.0606908 ;0.0601864 ;0.0546123 ;0.0546165 ;0.0423192 ;0.0489588 ;0.0458942 ;0.0409957 ;0.0359478 ;0.0413306 ;0.0368631 ;0.0278718 ;0.0265136 ;0.0286 ;0.0194087 ;0.0229552 ;0.0227259 ;0.0198905 ;0.0268352 ;0.0222997 ;0.0201772 ;0.0191543 ;0.0213201 ;0.011487 ;0.0167937 ;0.0139919 ;0.0144885 ;0.0146867 ;0.013165 ;0.00907746 ;0.0131133 ;0.0113026 ;0.00839309 ;0.00584498 ;0.00865339 ;0.00506401 ;0.00666686 ;0.00629872 ;0.00356573 ;0.0028855 ;0.00402082 ;0.00357132 ;0.00434956 ;0.00383313 ;0.00375951 ;0 ;0.00198657 ;0.00160515 ;0.00158605 ;0.00178139 ;0.00190626 ;0.00143849 ;0.00147161 ;0.00105784 ;0.000786053 ;0.000324713 ;0.000163762 ;0.000102774 ;0.000316959 ;0.000253417 ;0.000160855 ;0 ;1.44983e-05 ;0 ;
13 ; ;0.0606147 ;0.060216 ;0.0551005 ;0.0545625 ;0.0421399 ;0.0490635 ;0.0456073 ;0.0410703 ;0.0361077 ;0.0411061 ;0.036821 ;0.0276507 ;0.0265229 ;0.0284842 ;0.0193906 ;0.0230123 ;0.0227106 ;0.020037 ;0.0265803 ;0.0223574 ;0.0200875 ;0.0192358 ;0.0222662 ;0.0112878 ;0.0165814 ;0.0141052 ;0.0144502 ;0.0148112 ;0.0131816 ;0.00903622 ;0.0130966 ;0.0113043 ;0.00838255 ;0.00579796 ;0.00865551 ;0.00506401 ;0.00664113 ;0.00632534 ;0.00362706 ;0.0028855 ;0.00398205 ;0.00357132 ;0.00393075 ;0.00393199 ;0.00377791 ;0 ;0.00199959 ;0.00158962 ;0.00169987 ;0.00168551 ;0.00189853 ;0.00143849 ;0.00147161 ;0.00105784 ;0.000786053 ;0.000324713 ;0.000163762 ;0.000102774 ;0.000316959 ;0.000253417 ;0.000160855 ;0 ;1.44983e-05 ;0 ;
14 ; ;0.0605868 ;0.0602722 ;0.0550566 ;0.0542513 ;0.0421303 ;0.0489996 ;0.0456977 ;0.040765 ;0.0360937 ;0.0406842 ;0.0367447 ;0.0282622 ;0.0265154 ;0.0282764 ;0.0193381 ;0.0230015 ;0.0227018 ;0.0200788 ;0.0265321 ;0.0221913 ;0.0202638 ;0.0191051 ;0.0223606 ;0.0112878 ;0.0168872 ;0.0141256 ;0.0144082 ;0.0151021 ;0.0131163 ;0.00893553 ;0.013213 ;0.0118029 ;0.00828998 ;0.0058246 ;0.00862844 ;0.00507283 ;0.00664113 ;0.00632534 ;0.00362706 ;0.00290103 ;0.00400949 ;0.00357132 ;0.0039235 ;0.00395782 ;0.00380498 ;0 ;0.00199959 ;0.00157022 ;0.00167359 ;0.00165774 ;0.00189824 ;0.0014569 ;0.00146948 ;0.00105784 ;0.000786053 ;0.000324713 ;0.000163762 ;0.000102774 ;0.000253223 ;0.000253417 ;8.91481e-05 ;0 ;1.44983e-05 ;0 ;
15 ; ;0.0604652 ;0.0606404 ;0.055008 ;0.0538301 ;0.0421688 ;0.0488912 ;0.0454951 ;0.0405736 ;0.0359879 ;0.0408491 ;0.0366655 ;0.0281682 ;0.0264171 ;0.0283545 ;0.0194798 ;0.0228648 ;0.0226287 ;0.0204084 ;0.0269559 ;0.0221422 ;0.0200836 ;0.0188643 ;0.0225333 ;0.0111836 ;0.016796 ;0.0141072 ;0.0147191 ;0.0156673 ;0.0130302 ;0.00907019 ;0.0131795 ;0.0115628 ;0.00828868 ;0.00582382 ;0.00862844 ;0.00513894 ;0.00672052 ;0.00640963 ;0.00362706 ;0.00293455 ;0.00397072 ;0.00357132 ;0.0039235 ;0.00388769 ;0.0038127 ;0 ;0.00198359 ;0.00155469 ;0.00167359 ;0.00157068 ;0.00184054 ;0.00146942 ;0.00146948 ;0.00105784 ;0.000786053 ;0.000324713 ;0.000163762 ;0.000102774 ;0.000253223 ;0.000253417 ;8.91481e-05 ;0 ;1.44983e-05 ;0 ;
Sigma Errors in tFP/zFP factors: 
1 ; ;0.0106186 ;0.0121588 ;0.0118878 ;0.0114683 ;0.0128698 ;0.011556 ;0.0137954 ;0.0125542 ;0.0109763 ;0.0123109 ;0.0118028 ;0.0121879 ;0.0141216 ;0.0124815 ;0.0142623 ;0.0155558 ;0.0181589 ;0.0138238 ;0.0143751 ;0.0147128 ;0.0159648 ;0.0169885 ;0.0153414 ;0.0220969 ;0.0150182 ;0.0173637 ;0.0173623 ;0.0172639 ;0.0189795 ;0.0206789 ;0.018692 ;0.0201057 ;0.0266054 ;0.0268257 ;0.021958 ;0.02721 ;0.0226383 ;0.0261498 ;0.0375959 ;0.0359739 ;0.0317007 ;0.0388801 ;0.0279985 ;0.0306518 ;0.0319676 ;0 ;0.0422542 ;0.043853 ;0.0406627 ;0.0544633 ;0.0677756 ;0.048777 ;0.0525559 ;0.0615063 ;0.0741653 ;0.116244 ;0.0748174 ;0.243184 ;0.0754697 ;0.126089 ;0.104618 ;0 ;2.15445 ;0 ;
2 ; ;0.008705 ;0.0141056 ;0.0128778 ;0.00869691 ;0.013607 ;0.0111166 ;0.0148362 ;0.0134106 ;0.00826336 ;0.0125429 ;0.0118986 ;0.011311 ;0.0131169 ;0.0125438 ;0.0166951 ;0.0125065 ;0.017076 ;0.0117794 ;0.0161136 ;0.0170142 ;0.0195375 ;0.0190466 ;0.0173079 ;0.0214278 ;0.0133927 ;0.0160509 ;0.0155706 ;0.0177447 ;0.0173873 ;0.0185646 ;0.0181299 ;0.0217608 ;0.0301231 ;0.0265665 ;0.0290185 ;0.0261936 ;0.0181794 ;0.0229295 ;0.0295342 ;0.0387299 ;0.0444904 ;0.032043 ;0.0338284 ;0.040862 ;0.0283429 ;0 ;0.0364992 ;0.0217646 ;0.0385238 ;0.0399683 ;0.0616222 ;0.0708574 ;0.060156 ;0.0592046 ;0.0663869 ;0.0920639 ;0.103575 ;0.28134 ;0.109441 ;0.0721568 ;0.0595856 ;0 ;0.287994 ;0 ;
3 ; ;0.00876792 ;0.0169108 ;0.0119667 ;0.00624356 ;0.0137209 ;0.0107472 ;0.0132191 ;0.0107427 ;0.00671269 ;0.0142967 ;0.0128352 ;0.0120441 ;0.012965 ;0.0148254 ;0.0171194 ;0.0120313 ;0.0172016 ;0.0111127 ;0.0153375 ;0.0170825 ;0.0180682 ;0.0206853 ;0.019004 ;0.0249468 ;0.013964 ;0.0154506 ;0.0110485 ;0.018456 ;0.021126 ;0.0168628 ;0.0209831 ;0.0201216 ;0.0256303 ;0.023983 ;0.0291816 ;0.0387122 ;0.0129999 ;0.0305021 ;0.0253295 ;0.0416526 ;0.0297732 ;0.0294997 ;0.028191 ;0.0362299 ;0.0391631 ;0 ;0.0474376 ;0.0150781 ;0.0517784 ;0.0329812 ;0.0544883 ;0.0777421 ;0.055286 ;0.0603658 ;0.0472173 ;0.107051 ;0.0625678 ;0.402121 ;0.0850859 ;0.0868845 ;0.0743543 ;0 ;0.332005 ;0 ;
4 ; ;0.0106366 ;0.0125768 ;0.0104847 ;0.00612771 ;0.0156653 ;0.00809392 ;0.00821303 ;0.00950141 ;0.008992 ;0.018055 ;0.0149686 ;0.0147689 ;0.018816 ;0.00961544 ;0.0263618 ;0.0140437 ;0.0152683 ;0.0136234 ;0.0133573 ;0.0183012 ;0.0149704 ;0.0153792 ;0.0182796 ;0.0187124 ;0.0157218 ;0.0191142 ;0.0157216 ;0.0284293 ;0.0238372 ;0.0171951 ;0.017174 ;0.0258728 ;0.014796 ;0.021198 ;0.0230573 ;0.0338605 ;0.0266373 ;0.0237665 ;0.0451084 ;0.0378715 ;0.028355 ;0.0239707 ;0.0163833 ;0.0238362 ;0.0386096 ;0 ;0.0536505 ;0.0166778 ;0.0600542 ;0.0555411 ;0.043236 ;0.0723409 ;0.0497917 ;0.0681821 ;0.0642604 ;0.079089 ;0.112323 ;0.26329 ;0.176993 ;0.0805291 ;0.187557 ;0 ;0.851785 ;0 ;
5 ; ;0.0112326 ;0.0107497 ;0.0131262 ;0.0123523 ;0.00868144 ;0.0104831 ;0.00809788 ;0.0135842 ;0.0162587 ;0.0125 ;0.0162042 ;0.0141037 ;0.0140719 ;0.015013 ;0.0136887 ;0.0169573 ;0.0157048 ;0.0182535 ;0.00866729 ;0.0149466 ;0.0170844 ;0.0124558 ;0.0113854 ;0.0113848 ;0.0194128 ;0.020668 ;0.026077 ;0.0200026 ;0.0218746 ;0.0196401 ;0.0135887 ;0.0170616 ;0.0108572 ;0.0206147 ;0.0202846 ;0.023302 ;0.0269419 ;0.0211243 ;0.0271134 ;0.0322285 ;0.0339039 ;0.032495 ;0.0218362 ;0.0260124 ;0.0278821 ;0 ;0.0337697 ;0.049567 ;0.0503546 ;0.0368514 ;0.0301656 ;0.0587163 ;0.0358653 ;0.0539812 ;0.129735 ;0.0676915 ;0.063623 ;0.217346 ;0.12237 ;0.230523 ;0.0927454 ;0 ;0.2971 ;0 ;
6 ; ;0.0100507 ;0.0118136 ;0.0127922 ;0.0148583 ;0.0105302 ;0.00994229 ;0.0086144 ;0.0129749 ;0.0164594 ;0.0120399 ;0.0163569 ;0.0148465 ;0.0132219 ;0.0139769 ;0.0143369 ;0.0141197 ;0.0185135 ;0.0151547 ;0.0102258 ;0.0145605 ;0.0146083 ;0.0117059 ;0.0106974 ;0.0152718 ;0.015035 ;0.0186428 ;0.0269881 ;0.0224455 ;0.017967 ;0.0183204 ;0.0167521 ;0.0170781 ;0.0105091 ;0.021207 ;0.0214865 ;0.0240511 ;0.0288405 ;0.0286048 ;0.0266913 ;0.032699 ;0.0309125 ;0.0273681 ;0.0262664 ;0.0228326 ;0.0305951 ;0 ;0.0368376 ;0.0947663 ;0.0527055 ;0.0365812 ;0.0356656 ;0.0408125 ;0.0454458 ;0.0472646 ;0.129925 ;0.0640309 ;0.185007 ;0.170718 ;0.208422 ;0.221871 ;0.147882 ;0 ;0.628484 ;0 ;
7 ; ;0.0109309 ;0.0115362 ;0.0121905 ;0.013355 ;0.0101445 ;0.0127787 ;0.00869826 ;0.0112849 ;0.0153606 ;0.0102797 ;0.014279 ;0.0157217 ;0.010934 ;0.0158344 ;0.0146593 ;0.0172173 ;0.0178084 ;0.0177102 ;0.0103687 ;0.0137872 ;0.0167924 ;0.0124599 ;0.0132306 ;0.0165073 ;0.0149781 ;0.0200273 ;0.0226201 ;0.0242902 ;0.0165022 ;0.0195752 ;0.0143054 ;0.018644 ;0.0119152 ;0.0180178 ;0.0168112 ;0.0203037 ;0.0258548 ;0.0228322 ;0.0420834 ;0.0304303 ;0.0291709 ;0.042059 ;0.0244452 ;0.027845 ;0.0293323 ;0 ;0.0385646 ;0.0927292 ;0.0308776 ;0.0488197 ;0.0448488 ;0.0456461 ;0.0583834 ;0.0678106 ;0.113272 ;0.0759073 ;0.108695 ;0.296636 ;0.121782 ;0.181132 ;0.173431 ;0 ;0 ;0 ;
8 ; ;0.00908678 ;0.0156185 ;0.013349 ;0.0101837 ;0.0103367 ;0.0110219 ;0.00830567 ;0.00933463 ;0.0117352 ;0.0153663 ;0.0173705 ;0.0137934 ;0.0142341 ;0.0143753 ;0.0175759 ;0.0153866 ;0.0180366 ;0.016536 ;0.00926343 ;0.0155536 ;0.0168586 ;0.0133061 ;0.0147942 ;0.0178015 ;0.0148488 ;0.0184943 ;0.022913 ;0.0239356 ;0.0148988 ;0.0184972 ;0.0132544 ;0.019277 ;0.0120307 ;0.0196375 ;0.0204398 ;0.0335406 ;0.0227939 ;0.0258457 ;0.0258696 ;0.0272747 ;0.0329843 ;0.0350837 ;0.0314713 ;0.0236532 ;0.0267212 ;0 ;0.0394379 ;0.0608145 ;0.0519055 ;0.0366457 ;0.0402869 ;0.0272556 ;0.0450512 ;0.0451289 ;0.101682 ;0.056817 ;0.102781 ;0.249543 ;0.163884 ;0.167541 ;0.269544 ;0 ;0.345203 ;0 ;
9 ; ;0.0120859 ;0.0110992 ;0.0115409 ;0.0106603 ;0.0120745 ;0.0115536 ;0.00889071 ;0.0113333 ;0.0121213 ;0.0141997 ;0.0139845 ;0.0151157 ;0.0151604 ;0.0125393 ;0.01865 ;0.0141068 ;0.0176013 ;0.0164288 ;0.0115689 ;0.0164977 ;0.0149228 ;0.0140039 ;0.0138602 ;0.0186041 ;0.0152429 ;0.0192527 ;0.0178736 ;0.0210561 ;0.0179469 ;0.0201005 ;0.0145417 ;0.019847 ;0.0161205 ;0.0261676 ;0.0252224 ;0.0377033 ;0.0230338 ;0.0258236 ;0.0372587 ;0.0419465 ;0.0381284 ;0.0325359 ;0.0340125 ;0.0290481 ;0.0290182 ;0 ;0.0506932 ;0.040719 ;0.0516316 ;0.0424281 ;0.0381182 ;0.0272631 ;0.0661986 ;0.057756 ;0.127554 ;0.0312421 ;0.189769 ;0.160994 ;0.0945375 ;0.200386 ;0.162189 ;0 ;0.635574 ;0 ;
10 ; ;0.0132525 ;0.00923017 ;0.0123341 ;0.0114422 ;0.0110722 ;0.0108888 ;0.007968 ;0.0120289 ;0.0148541 ;0.0153586 ;0.0169597 ;0.0178371 ;0.0163721 ;0.0140899 ;0.0153173 ;0.0175839 ;0.0145129 ;0.0162496 ;0.010905 ;0.012621 ;0.0157648 ;0.0121352 ;0.0171026 ;0.0143986 ;0.0159027 ;0.0180784 ;0.0242584 ;0.0196176 ;0.0227547 ;0.022003 ;0.0155285 ;0.0220128 ;0.0131177 ;0.023113 ;0.022085 ;0.0273638 ;0.0263616 ;0.0247335 ;0.0344062 ;0.0308555 ;0.027025 ;0.0385598 ;0.0230199 ;0.0245522 ;0.0390372 ;0 ;0.0442179 ;0.072001 ;0.0490331 ;0.0336545 ;0.0417829 ;0.0318353 ;0.0343142 ;0.0744424 ;0.0732414 ;0.0767492 ;0.134124 ;0.156139 ;0.0713295 ;0.196593 ;0.0579188 ;0 ;0.481284 ;0 ;
11 ; ;0.0158518 ;0.00583972 ;0.0139235 ;0.0196664 ;0.0105634 ;0.0188081 ;0.0107252 ;0.0188108 ;0.0213343 ;0.0122354 ;0.0184978 ;0.0172229 ;0.0219345 ;0.0216772 ;0.0105931 ;0.0215383 ;0.0150449 ;0.0208462 ;0.00761974 ;0.0155053 ;0.0168139 ;0.0131712 ;0.0122187 ;0.00965893 ;0.0200456 ;0.0164241 ;0.0204807 ;0.0138528 ;0.0190441 ;0.0320399 ;0.0203164 ;0.0209106 ;0.0101736 ;0.0273622 ;0.0157284 ;0.0195456 ;0.0215244 ;0.0259743 ;0.0381754 ;0.0328701 ;0.0257464 ;0.0535016 ;0.0339807 ;0.0287356 ;0.0308641 ;0 ;0.034682 ;0.0699776 ;0.0351921 ;0.0386271 ;0.0279811 ;0.0455213 ;0.0318037 ;0.0482016 ;0.073087 ;0.0863795 ;0.189839 ;0.0999434 ;0.0747972 ;0.288828 ;0.0753032 ;0 ;0.356398 ;0 ;
12 ; ;0.0102512 ;0.0148092 ;0.0113729 ;0.00819728 ;0.0131276 ;0.00945846 ;0.0118965 ;0.00864443 ;0.00930519 ;0.014748 ;0.0121912 ;0.0154335 ;0.0137917 ;0.0113132 ;0.0175391 ;0.0111858 ;0.0159416 ;0.0115173 ;0.014419 ;0.0156869 ;0.0164656 ;0.0144788 ;0.0156439 ;0.0226152 ;0.0112315 ;0.0165866 ;0.0175949 ;0.0209084 ;0.0214778 ;0.0172993 ;0.0169759 ;0.0204634 ;0.029616 ;0.0226684 ;0.0310661 ;0.0408067 ;0.0200415 ;0.0301866 ;0.0296564 ;0.0416133 ;0.029646 ;0.0282207 ;0.024744 ;0.0420196 ;0.0234321 ;0 ;0.0518656 ;0.0515971 ;0.060922 ;0.0526911 ;0.0507396 ;0.0609481 ;0.04345 ;0.063452 ;0.0522396 ;0.068241 ;0.178455 ;0.112071 ;0.0929102 ;0.0788137 ;0.155597 ;0 ;0.127835 ;0 ;
13 ; ;0.0109406 ;0.0128493 ;0.0119487 ;0.0105981 ;0.0129603 ;0.0120252 ;0.0114935 ;0.0119733 ;0.0114217 ;0.0131502 ;0.0124788 ;0.0142429 ;0.013272 ;0.0132733 ;0.0180666 ;0.0145255 ;0.0145949 ;0.0145059 ;0.014699 ;0.0144638 ;0.0150149 ;0.0163231 ;0.0152507 ;0.0204899 ;0.0139547 ;0.0181858 ;0.0178705 ;0.0190407 ;0.017379 ;0.0166371 ;0.0173683 ;0.0174949 ;0.0204708 ;0.0258566 ;0.0246542 ;0.0348323 ;0.0264225 ;0.0239337 ;0.0255245 ;0.0366225 ;0.0306444 ;0.0339669 ;0.027462 ;0.0403596 ;0.0333431 ;0 ;0.0462887 ;0.0474685 ;0.0477891 ;0.0582818 ;0.0524784 ;0.0491855 ;0.0520199 ;0.0716721 ;0.0532253 ;0.0759878 ;0.139822 ;0.188124 ;0.0622402 ;0.172989 ;0.222394 ;0 ;0.366773 ;0 ;
14 ; ;0.0120313 ;0.0111805 ;0.011772 ;0.0113084 ;0.0117726 ;0.0126429 ;0.0117431 ;0.0119705 ;0.0126659 ;0.0137172 ;0.0133144 ;0.0141604 ;0.0136766 ;0.0137466 ;0.0167404 ;0.0139344 ;0.0176588 ;0.0151621 ;0.0132014 ;0.0152937 ;0.0159888 ;0.0149217 ;0.0138645 ;0.0210212 ;0.0167232 ;0.018735 ;0.0171344 ;0.0189912 ;0.0182306 ;0.0207444 ;0.017243 ;0.0200875 ;0.019928 ;0.021544 ;0.0245016 ;0.0263847 ;0.0234795 ;0.0255921 ;0.0306166 ;0.0382456 ;0.0337841 ;0.0339604 ;0.0410103 ;0.0355428 ;0.035907 ;0 ;0.0490633 ;0.0510241 ;0.0352199 ;0.069345 ;0.0463321 ;0.0502262 ;0.0425599 ;0.0556142 ;0.0602166 ;0.0683839 ;0.174832 ;0.169125 ;0.12372 ;0.139584 ;0.176869 ;0 ;0 ;0 ;
15 ; ;0.0100057 ;0.0108306 ;0.0116194 ;0.0117517 ;0.011934 ;0.0115871 ;0.0121818 ;0.0125658 ;0.0121594 ;0.013792 ;0.0119224 ;0.014658 ;0.0141177 ;0.0135217 ;0.0159888 ;0.0152536 ;0.0169841 ;0.0154823 ;0.0144391 ;0.0155509 ;0.0157555 ;0.0182582 ;0.0149344 ;0.0210065 ;0.0161613 ;0.0167546 ;0.0176673 ;0.0176337 ;0.0193073 ;0.0205387 ;0.0195596 ;0.0190648 ;0.0241455 ;0.027161 ;0.0268421 ;0.0300409 ;0.0239326 ;0.0214105 ;0.0303127 ;0.0356686 ;0.0342677 ;0.0369203 ;0.0428319 ;0.0302725 ;0.0339243 ;0 ;0.0368044 ;0.0618374 ;0.043848 ;0.0631779 ;0.0483147 ;0.0523568 ;0.0444925 ;0.0516589 ;0.0530194 ;0.091495 ;0.228682 ;0.224441 ;0.133928 ;0.136452 ;0.103163 ;0 ;0.39505 ;0 ;
 Pearson row correlation matrix 
1 ; ;1 ;0.714886 ;0.522565 ;0.0373601 ;-0.451358 ;-0.285844 ;-0.339448 ;-0.0215405 ;-0.130011 ;-0.533921 ;-0.442667 ;0.393252 ;0.365012 ;0.1478 ;0.169701 ;
2 ; ;0.714886 ;1 ;0.798045 ;0.202169 ;-0.517862 ;-0.445143 ;-0.520667 ;0.0376792 ;-0.115353 ;-0.555277 ;-0.6395 ;0.585351 ;0.483162 ;0.0479274 ;0.260293 ;
3 ; ;0.522565 ;0.798045 ;1 ;0.444583 ;-0.47272 ;-0.428171 ;-0.43355 ;0.240405 ;0.069632 ;-0.369074 ;-0.698783 ;0.753507 ;0.515901 ;0.102945 ;0.222454 ;
4 ; ;0.0373601 ;0.202169 ;0.444583 ;1 ;-0.123507 ;-0.128934 ;-0.208098 ;0.453642 ;0.517855 ;0.249981 ;-0.480639 ;0.591983 ;0.328352 ;0.0693728 ;0.00361287 ;
5 ; ;-0.451358 ;-0.517862 ;-0.47272 ;-0.123507 ;1 ;0.833963 ;0.73839 ;0.513725 ;0.386613 ;0.71169 ;0.564205 ;-0.333385 ;-0.225577 ;0.179702 ;-0.195159 ;
6 ; ;-0.285844 ;-0.445143 ;-0.428171 ;-0.128934 ;0.833963 ;1 ;0.755992 ;0.551352 ;0.42569 ;0.546657 ;0.419291 ;-0.212809 ;-0.17044 ;0.199167 ;-0.0974832 ;
7 ; ;-0.339448 ;-0.520667 ;-0.43355 ;-0.208098 ;0.73839 ;0.755992 ;1 ;0.506177 ;0.352922 ;0.535768 ;0.500935 ;-0.306306 ;-0.11521 ;0.195227 ;-0.191271 ;
8 ; ;-0.0215405 ;0.0376792 ;0.240405 ;0.453642 ;0.513725 ;0.551352 ;0.506177 ;1 ;0.683965 ;0.481466 ;-0.0832789 ;0.350856 ;0.301759 ;0.32412 ;0.0145356 ;
9 ; ;-0.130011 ;-0.115353 ;0.069632 ;0.517855 ;0.386613 ;0.42569 ;0.352922 ;0.683965 ;1 ;0.492682 ;-0.0297813 ;0.290943 ;0.232203 ;0.401259 ;-0.00307388 ;
10 ; ;-0.533921 ;-0.555277 ;-0.369074 ;0.249981 ;0.71169 ;0.546657 ;0.535768 ;0.481466 ;0.492682 ;1 ;0.452999 ;-0.145542 ;-0.0902398 ;0.148731 ;-0.232204 ;
11 ; ;-0.442667 ;-0.6395 ;-0.698783 ;-0.480639 ;0.564205 ;0.419291 ;0.500935 ;-0.0832789 ;-0.0297813 ;0.452999 ;1 ;-0.764436 ;-0.499062 ;0.00531721 ;-0.134062 ;
12 ; ;0.393252 ;0.585351 ;0.753507 ;0.591983 ;-0.333385 ;-0.212809 ;-0.306306 ;0.350856 ;0.290943 ;-0.145542 ;-0.764436 ;1 ;0.668122 ;0.270672 ;0.239306 ;
13 ; ;0.365012 ;0.483162 ;0.515901 ;0.328352 ;-0.225577 ;-0.17044 ;-0.11521 ;0.301759 ;0.232203 ;-0.0902398 ;-0.499062 ;0.668122 ;1 ;0.213586 ;0.0874552 ;
14 ; ;0.1478 ;0.0479274 ;0.102945 ;0.0693728 ;0.179702 ;0.199167 ;0.195227 ;0.32412 ;0.401259 ;0.148731 ;0.00531721 ;0.270672 ;0.213586 ;1 ;0.306254 ;
15 ; ;0.169701 ;0.260293 ;0.222454 ;0.00361287 ;-0.195159 ;-0.0974832 ;-0.191271 ;0.0145356 ;-0.00307388 ;-0.232204 ;-0.134062 ;0.239306 ;0.0874552 ;0.306254 ;1 ;
