Original Ordering  
Gene#  Gene_Name  Starts  #AAs  Total_RPF  RPF/ORF_Codon
1  lpp  1  79   70018   886.304
2  ompF  80  363   77613   213.81
3  cspA  443  71   7183   101.169
4  acpP  514  79   5589   70.7468
5  hns  593  138   7456   54.029
6  gapA  731  332   7035   21.1898
7  cspC  1063  70   3827   54.6714
8  rpmG  1133  56   2589   46.2321
9  grcA  1189  128   1104   8.625
10  rplL  1317  122   13279   108.844
11  ilvC  1439  492   2458   4.99593
12  hupA  1931  91   3132   34.4176
13  rpsQ  2022  85   5057   59.4941
14  rpsP  2107  83   3069   36.9759
15  ahpC  2190  188   4660   24.7872
16  gpmA  2378  251   2701   10.761
17  rplQ  2629  128   3545   27.6953
18  rpmF  2757  58   1773   30.569
19  ompX  2815  172   4076   23.6977
20  rpmE  2987  71   1223   17.2254
21  rplY  3058  95   4976   52.3789
22  rpsB  3153  242   11139   46.0289
23  trxA  3395  110   1659   15.0818
24  rplP  3505  137   7268   53.0511
25  rplU  3642  104   5465   52.5481
26  rpmC  3746  64   3118   48.7188
27  hupB  3810  91   2085   22.9121
28  crr  3901  170   943   5.54706
29  rpsT  4071  88   6231   70.8068
30  tsf  4159  284   7185   25.2993
31  pal  4443  174   2891   16.6149
32  rpsC  4617  234   8440   36.0684
33  rpmB  4851  79   2270   28.7342
34  rplN  4930  124   2623   21.1532
35  rpmD  5054  60   1934   32.2333
36  eno  5114  433   7221   16.6767
37  atpE  5547  80   1193   14.9125
38  ompA  5627  347   7024   20.2421
39  pflB  5974  761   6842   8.9908
40  rpmH  6735  47   1101   23.4255
41  rplJ  6782  166   5211   31.3916
42  fepA  6948  747   5595   7.48996
43  dksA  7695  152   819   5.38816
44  rplI  7847  150   4179   27.86
45  pgk  7997  388   2301   5.93041
46  zapB  8385  82   1091   13.3049
47  yajC  8467  111   801   7.21622
48  groS  8578  98   965   9.84694
49  rplS  8676  116   4042   34.8448
50  groL  8792  549   6139   11.1821
51  sodA  9341  207   1461   7.05797
52  tpiA  9548  256   1373   5.36328
53  rpsS  9804  93   2649   28.4839
54  ppiB  9897  165   1396   8.46061
55  rplO  10062  145   2702   18.6345
56  rplM  10207  143   5008   35.021
57  rplW  10350  101   3664   36.2772
58  rpsD  10451  207   6641   32.0821
59  fusA  10658  705   21406   30.3631
60  ppa  11363  177   2004   11.322
61  rpsA  11540  558   21230   38.0466
62  rplA  12098  235   8745   37.2128
63  rplX  12333  105   3763   35.8381
64  rpoA  12438  330   6511   19.7303
65  rplR  12768  118   3294   27.9153
66  slyD  12886  197   2623   13.3147
67  rplB  13083  274   7787   28.4197
68  rpmA  13357  86   2386   27.7442
69  rplV  13443  111   2374   21.3874
70  rpsO  13554  90   3777   41.9667
71  fbaA  13644  360   3130   8.69444
72  rpmI  14004  66   2420   36.6667
73  rpsU  14070  72   3631   50.4306
74  lpd  14142  475   6327   13.32
75  rpsE  14617  168   4298   25.5833
76  borD  14785  98   1132   11.551
77  icd  14883  417   2606   6.2494
78  tig  15300  433   10346   23.8938
79  aceE  15733  888   16008   18.027
80  rpsJ  16621  104   2939   28.2596
81  aceF  16725  631   9639   15.2758
82  dnaK  17356  639   4778   7.47731
83  rplC  17995  210   6240   29.7143
84  rpsL  18205  125   4459   35.672
85  tpx  18330  169   1558   9.21893
86  rpsK  18499  130   4597   35.3615
87  grpE  18629  198   922   4.65657
88  glyA  18827  418   4490   10.7416
89  rpsM  19245  119   2423   20.3613
90  rplD  19364  202   6680   33.0693
91  rplK  19566  143   4565   31.9231
92  rpsR  19709  76   1658   21.8158
93  fkpA  19785  271   2252   8.30996
94  rpsH  20056  131   4922   37.5725
95  rpsI  20187  131   3258   24.8702
96  ptsI  20318  576   2811   4.88021
97  slyB  20894  156   800   5.12821
98  ompT  21050  318   1736   5.45912
99  purA  21368  433   1924   4.44342
100  rpsN  21801  102   3541   34.7157
101  ackA  21903  401   3997   9.96758
102  rplT  22304  119   5132   43.1261
103  fabB  22423  407   1720   4.22604
104  atpA  22830  514   4310   8.38521
105  hlpA  23344  162   830   5.12346
106  efp  23506  189   2319   12.2698
107  atpF  23695  157   894   5.69427
108  rplE  23852  180   5598   31.1
109  fabI  24032  263   2192   8.3346
110  talB  24295  318   1358   4.27044
111  rpsG  24613  180   6474   35.9667
112  dapD  24793  275   1113   4.04727
113  atpD  25068  461   3630   7.87419
114  fabF  25529  414   2650   6.40097
115  flgE  25943  403   786   1.95037
116  rpsF  26346  132   4088   30.9697
117  thrS  26478  643   4449   6.91913
118  yncE  27121  354   1163   3.28531
119  rplF  27475  178   3975   22.3315
120  cirA  27653  664   785   1.18223
121  fabG  28317  245   1354   5.52653
122  rho  28562  420   4367   10.3976
123  adk  28982  215   1819   8.46047
124  pykF  29197  471   1144   2.42887
125  infC  29668  181   1966   10.8619
Genes Ordered by RPF/ORF_Codon
Rank  Gene  #AAs  Total_RPF  RPF/ORF_Codon
1  lpp  79   70018   886.304
2  ompF  363   77613   213.81
3  rplL  122   13279   108.844
4  cspA  71   7183   101.169
5  rpsT  88   6231   70.8068
6  acpP  79   5589   70.7468
7  rpsQ  85   5057   59.4941
8  cspC  70   3827   54.6714
9  hns  138   7456   54.029
10  rplP  137   7268   53.0511
11  rplU  104   5465   52.5481
12  rplY  95   4976   52.3789
13  rpsU  72   3631   50.4306
14  rpmC  64   3118   48.7188
15  rpmG  56   2589   46.2321
16  rpsB  242   11139   46.0289
17  rplT  119   5132   43.1261
18  rpsO  90   3777   41.9667
19  rpsA  558   21230   38.0466
20  rpsH  131   4922   37.5725
21  rplA  235   8745   37.2128
22  rpsP  83   3069   36.9759
23  rpmI  66   2420   36.6667
24  rplW  101   3664   36.2772
25  rpsC  234   8440   36.0684
26  rpsG  180   6474   35.9667
27  rplX  105   3763   35.8381
28  rpsL  125   4459   35.672
29  rpsK  130   4597   35.3615
30  rplM  143   5008   35.021
31  rplS  116   4042   34.8448
32  rpsN  102   3541   34.7157
33  hupA  91   3132   34.4176
34  rplD  202   6680   33.0693
35  rpmD  60   1934   32.2333
36  rpsD  207   6641   32.0821
37  rplK  143   4565   31.9231
38  rplJ  166   5211   31.3916
39  rplE  180   5598   31.1
40  rpsF  132   4088   30.9697
41  rpmF  58   1773   30.569
42  fusA  705   21406   30.3631
43  rplC  210   6240   29.7143
44  rpmB  79   2270   28.7342
45  rpsS  93   2649   28.4839
46  rplB  274   7787   28.4197
47  rpsJ  104   2939   28.2596
48  rplR  118   3294   27.9153
49  rplI  150   4179   27.86
50  rpmA  86   2386   27.7442
51  rplQ  128   3545   27.6953
52  rpsE  168   4298   25.5833
53  tsf  284   7185   25.2993
54  rpsI  131   3258   24.8702
55  ahpC  188   4660   24.7872
56  tig  433   10346   23.8938
57  ompX  172   4076   23.6977
58  rpmH  47   1101   23.4255
59  hupB  91   2085   22.9121
60  rplF  178   3975   22.3315
61  rpsR  76   1658   21.8158
62  rplV  111   2374   21.3874
63  gapA  332   7035   21.1898
64  rplN  124   2623   21.1532
65  rpsM  119   2423   20.3613
66  ompA  347   7024   20.2421
67  rpoA  330   6511   19.7303
68  rplO  145   2702   18.6345
69  aceE  888   16008   18.027
70  rpmE  71   1223   17.2254
71  eno  433   7221   16.6767
72  pal  174   2891   16.6149
73  aceF  631   9639   15.2758
74  trxA  110   1659   15.0818
75  atpE  80   1193   14.9125
76  lpd  475   6327   13.32
77  slyD  197   2623   13.3147
78  zapB  82   1091   13.3049
79  efp  189   2319   12.2698
80  borD  98   1132   11.551
81  ppa  177   2004   11.322
82  groL  549   6139   11.1821
83  infC  181   1966   10.8619
84  gpmA  251   2701   10.761
85  glyA  418   4490   10.7416
86  rho  420   4367   10.3976
87  ackA  401   3997   9.96758
88  groS  98   965   9.84694
89  tpx  169   1558   9.21893
90  pflB  761   6842   8.9908
91  fbaA  360   3130   8.69444
92  grcA  128   1104   8.625
93  ppiB  165   1396   8.46061
94  adk  215   1819   8.46047
95  atpA  514   4310   8.38521
96  fabI  263   2192   8.3346
97  fkpA  271   2252   8.30996
98  atpD  461   3630   7.87419
99  fepA  747   5595   7.48996
100  dnaK  639   4778   7.47731
101  yajC  111   801   7.21622
102  sodA  207   1461   7.05797
103  thrS  643   4449   6.91913
104  fabF  414   2650   6.40097
105  icd  417   2606   6.2494
106  pgk  388   2301   5.93041
107  atpF  157   894   5.69427
108  crr  170   943   5.54706
109  fabG  245   1354   5.52653
110  ompT  318   1736   5.45912
111  dksA  152   819   5.38816
112  tpiA  256   1373   5.36328
113  slyB  156   800   5.12821
114  hlpA  162   830   5.12346
115  ilvC  492   2458   4.99593
116  ptsI  576   2811   4.88021
117  grpE  198   922   4.65657
118  purA  433   1924   4.44342
119  talB  318   1358   4.27044
120  fabB  407   1720   4.22604
121  dapD  275   1113   4.04727
122  yncE  354   1163   3.28531
123  pykF  471   1144   2.42887
124  flgE  403   786   1.95037
125  cirA  664   785   1.18223
